5.266227251659482583e-08
6.394308551735567666e-08
7.362555488998422488e-08
8.202485644101452198e-08
8.934641804655105709e-08
9.578640760052390224e-08
1.014845807419501956e-07
1.065567149358225149e-07
1.110734017027004291e-07
1.151325994490875552e-07
1.187394081011213473e-07
1.220013526852183552e-07
1.249072924516042137e-07
1.275341743588384720e-07
1.298948602774864131e-07
1.319905271821581794e-07
1.338832243610752963e-07
1.355775418678171248e-07
1.370769515839482574e-07
1.384074814066342609e-07
1.395921562196350149e-07
1.406371172107859140e-07
1.415482754251013348e-07
1.423432135866811164e-07
1.430169704514362808e-07
1.435965253739097867e-07
1.440823879098903428e-07
1.444772888263042674e-07
1.447947964634551309e-07
1.450226412758124125e-07
1.451890516899225932e-07
1.452909400520158114e-07
1.453328609366997129e-07
1.453189310395703290e-07
1.452493748071835271e-07
1.451270433186658619e-07
1.449607864779859214e-07
1.447540602257379925e-07
1.445084913609524434e-07
1.442259279908218826e-07
1.439085737511058651e-07
1.435585071249904650e-07
1.431769712781630916e-07
1.427656700516286070e-07
1.423285027261877859e-07
1.418693526314362659e-07
1.413888110875371483e-07
1.408869919504984221e-07
1.403655009225209607e-07
1.398259802132236876e-07
1.392686221618520943e-07
1.386941001723479410e-07
1.381052895418731229e-07
1.375050643585690114e-07
1.368938131823298950e-07
1.362713024405153397e-07
1.356379855425153765e-07
1.349946337682152784e-07
1.343424198854042651e-07
1.336825878865426178e-07
1.330157881586982434e-07
1.323425611156355665e-07
1.316633552732305907e-07
1.309787870305438155e-07
1.302893569138184550e-07
1.295956667653003532e-07
1.288982943581184907e-07
1.281978324124162858e-07
1.274948735719100355e-07
1.267899689129235100e-07
1.260834443160902503e-07
1.253755697529998183e-07
1.246666446219594249e-07
1.239568675110732603e-07
1.232465861391000935e-07
1.225361200514988800e-07
1.218257218914668288e-07
1.211157444724966122e-07
1.204064980720546638e-07
1.196982655577531162e-07
1.189913750733439281e-07
1.182860266772575208e-07
1.175823409952619159e-07
1.168805764065880404e-07
1.161808274299787735e-07
1.154833254279196059e-07
1.147882071785519430e-07
1.140956097315617391e-07
1.134056300912285166e-07
1.127183526531255562e-07
1.120338888009193353e-07
1.113523371620632985e-07
1.106738356620417052e-07
1.099984448167498776e-07
1.093263159629707277e-07
1.086575490216723548e-07
1.079922444717102828e-07
1.073305158898530412e-07
1.066724895780430675e-07
1.060182527130619458e-07
1.053678235073823447e-07
1.047212924905899709e-07
1.040786395104032233e-07
1.034399064048387039e-07
1.028051230178328188e-07
1.021743195151630344e-07
1.015475382664553451e-07
1.009248334883133180e-07
1.003061886929471377e-07
9.969168221613079440e-08
9.908132196669890202e-08
9.847515132342135131e-08
9.787320718670930416e-08
9.727548906251342990e-08
9.668201293223880611e-08
9.609274951511223591e-08
9.550768158640357444e-08
9.492685927346203765e-08
9.435024319318706841e-08
9.377783905480314353e-08
9.320967447588634444e-08
9.264571140105214583e-08
9.208598847212822816e-08
9.153047917337447909e-08
9.097917914899321230e-08
9.043212403028621745e-08
8.988927441703233691e-08
8.935062041561608001e-08
8.881615217899645974e-08
8.828584954096911480e-08
8.775970292910909384e-08
8.723770281452826405e-08
8.671984989700412563e-08
8.620609405276036673e-08
8.569645661494356553e-08
8.519090820733775262e-08
8.468942991078461001e-08
8.419204264778456379e-08
8.369870400573618540e-08
8.320938697073702515e-08
8.272406090505535205e-08
8.224269521390277472e-08
8.176524973184986798e-08
8.129169411313099033e-08
8.082201705936776122e-08
8.035615017863012630e-08
7.989410115194141498e-08
7.943579275158269431e-08
7.898123246451264871e-08
7.853037153931647691e-08
7.808316167865453685e-08
7.763961141904974213e-08
7.719965304815925100e-08
7.676330278181683087e-08
7.633052215320528129e-08
7.590129099427570763e-08
7.547557139530826402e-08
7.505338771486490872e-08
7.463466670513261360e-08
7.421940621942073652e-08
7.380760374812604562e-08
7.339920456543696952e-08
7.299420630565304786e-08
7.259258914944878420e-08
7.219433164968659299e-08
7.179939732007770088e-08
7.140775664291619324e-08
7.101939685789802684e-08
7.063425493740076552e-08
7.025231825811113693e-08
6.987356562921023695e-08
6.949794294839704195e-08
6.912543739077294822e-08
6.875602770196957092e-08
6.838966829659898149e-08
6.802631395170753219e-08
6.766596765889592283e-08
6.730858470805140785e-08
6.695412297654438850e-08
6.660258836206038717e-08
6.625392363011542365e-08
6.590811884308003129e-08
6.556515602548020878e-08
6.522499398453844071e-08
6.488759951416108871e-08
6.455297003427492957e-08
6.422104948876624940e-08
6.389184274704329846e-08
6.356530908936794122e-08
6.324140811670253319e-08
6.292015211579790640e-08
6.260146564604129183e-08
6.228537026600806040e-08
6.197183547515075936e-08
6.166080183072916921e-08
6.135229026649277681e-08
6.104625602565131256e-08
6.074267630004706765e-08
6.044152829277378958e-08
6.014278921807284116e-08
5.984645042950327258e-08
5.955246083802189036e-08
5.926082587959612061e-08
5.897149416827614897e-08
5.868445406553085325e-08
5.839969308107588100e-08
5.811715729958040343e-08
5.783683431936813838e-08
5.755869789298235926e-08
5.728270825494764315e-08
5.700887303295333410e-08
5.673712552051069013e-08
5.646745980391304372e-08
5.619984968661335933e-08
5.593426237562212118e-08
5.567067178708848549e-08
5.540906716103931500e-08
5.514940731455354689e-08
5.489169917330710946e-08
5.463593639782018048e-08
5.438208041288327452e-08
5.413013149602626028e-08
5.388007696169093462e-08
5.363191680415762817e-08
5.338561294404601410e-08
5.314116544545051307e-08
5.289856164615874476e-08
5.265778888968750751e-08
5.241884072006705251e-08
5.218168461146790534e-08
5.194632616768591359e-08
5.171272647790078640e-08
5.148085913629492103e-08
5.125071602401714501e-08
5.102228278094486494e-08
5.079552092894946343e-08
5.057042220480621163e-08
5.034697218771806381e-08
5.012513858135487422e-08
4.990489520339456614e-08
4.968623360233419189e-08
4.946912757993782490e-08
4.925356959260702428e-08
4.903952141538526561e-08
4.882699249377655479e-08
4.861595163703040225e-08
4.840639657663770056e-08
4.819830775206840535e-08
4.799167138018292471e-08
4.778648498454714215e-08
4.758271213578681035e-08
4.738036162065366183e-08
4.717939720850513991e-08
4.697982750331646229e-08
4.678161647043687606e-08
4.658476168993963257e-08
4.638926126845307010e-08
4.619508052308013763e-08
4.600222867417053995e-08
4.581067122794310753e-08
4.562041723011978505e-08
4.543143237347721185e-08
4.524371482572342422e-08
4.505725191887000507e-08
4.487203629727276870e-08
4.468804465930163742e-08
4.450526967733562387e-08
4.432368820644755218e-08
4.414330880222807330e-08
4.396409881160963957e-08
4.378605719680267314e-08
4.360918791564845289e-08
4.343343813999476320e-08
4.325883249708789906e-08
4.308534914947901482e-08
4.291296642618417505e-08
4.274168811380612883e-08
4.257149256629780909e-08
4.240236331900406738e-08
4.223430898362968748e-08
4.206729802327606615e-08
4.190133468310705112e-08
4.173639137788793988e-08
4.157248587109773136e-08
4.140959632638099359e-08
4.124771578850275055e-08
4.108683243950443421e-08
4.092694907388829874e-08
4.076806351066359248e-08
4.061015907253384539e-08
4.045322402218676108e-08
4.029726578179165912e-08
4.014226779054243284e-08
3.998821837013902864e-08
3.983512351197812156e-08
3.968295101781871412e-08
3.953170983633514225e-08
3.938137125588234317e-08
3.923191142554590329e-08
3.908333440601149939e-08
3.893561631497417980e-08
3.878873800515202494e-08
3.864269870554746915e-08
3.849747464466619100e-08
3.835305127462882629e-08
3.820940499857817739e-08
3.806654391597200186e-08
3.792444252295345443e-08
3.778309065480490509e-08
3.764250769682523305e-08
3.750268611724154349e-08
3.736362736833752456e-08
3.722532408385676622e-08
3.708780417374728063e-08
3.695103388035929816e-08
3.681503665611598324e-08
3.667981825222730360e-08
3.654537136940642390e-08
3.641168883588596245e-08
3.627878939330155676e-08
3.614666386373231542e-08
3.601529529293406279e-08
3.588469038458271058e-08
3.575482170814690446e-08
3.562569584678113651e-08
3.549728549500509982e-08
3.536959711678757166e-08
3.524260353028546219e-08
3.511631108157848906e-08
3.499069685721208744e-08
3.486575464825608956e-08
3.474147407117883092e-08
3.461784474365767405e-08
3.449485754513417516e-08
3.437250025184595593e-08
3.425078636942942770e-08
3.412969681794356368e-08
3.400924498948189460e-08
3.388941593587445770e-08
3.377021088801934104e-08
3.365162703283198905e-08
3.353366155785150062e-08
3.341630373028783234e-08
3.329956660835586543e-08
3.318343943281459026e-08
3.306791547428618398e-08
3.295298752860419509e-08
3.283866578899424593e-08
3.272492867298942194e-08
3.261178573789611573e-08
3.249921936247982774e-08
3.238722744197327555e-08
3.227580399347328128e-08
3.216493922200494086e-08
3.205463098509108491e-08
3.194487330194337829e-08
3.183565264454670654e-08
3.172697815524155465e-08
3.161883253332870960e-08
3.151120623782520879e-08
3.140410893163131827e-08
3.129752423735558626e-08
3.119145072109503882e-08
3.108587584290386124e-08
3.098081287442355514e-08
3.087623091128719096e-08
3.077214682495876514e-08
3.066854446649781232e-08
3.056542233063441232e-08
3.046277525197757530e-08
3.036059446588192429e-08
3.025887843211320357e-08
3.015761586709556201e-08
3.005682465887234613e-08
2.995648086407017575e-08
2.985660689567913542e-08
2.975719312616366327e-08
2.965824413693827965e-08
2.955975394686356750e-08
2.946173413641484206e-08
2.936418221851777732e-08
2.926709228179776614e-08
2.917047580319294556e-08
2.907433377899657731e-08
2.897865002263176270e-08
2.888344532350527939e-08
2.878870575529250529e-08
2.869443020952117662e-08
2.860060735750593503e-08
2.850724286441147870e-08
2.841433215350067271e-08
2.832185385334264446e-08
2.822982364144170768e-08
2.813822689813885828e-08
2.804705578746509115e-08
2.795631909619908173e-08
2.786600230352399315e-08
2.777610090110358874e-08
2.768661391664150349e-08
2.759753152234849902e-08
2.750886054174026351e-08
2.742059140989742774e-08
2.733272437241300260e-08
2.724525640177359347e-08
2.715818124927349035e-08
2.707149591897860592e-08
2.698519421392419807e-08
2.689928593301142995e-08
2.681375844688950081e-08
2.672860876046939424e-08
2.664383703963394666e-08
2.655943393063669942e-08
2.647540575498988761e-08
2.639174929502128278e-08
2.630844572778344948e-08
2.622551065228075506e-08
2.614292531478068084e-08
2.606070516776982682e-08
2.597882844441604081e-08
2.589729511842049828e-08
2.581611431370972065e-08
2.573527362718627652e-08
2.565476990256118432e-08
2.557460301811957815e-08
2.549477050516954692e-08
2.541526371108172803e-08
2.533610186749648087e-08
2.525726801886692289e-08
2.517876634672291635e-08
2.510060993026837889e-08
2.502279091687460326e-08
2.494531044460231222e-08
2.486817555326870373e-08
2.479137261724058779e-08
2.471492045272390103e-08
2.463881134511768064e-08
2.456304643248131922e-08
2.448762617585353311e-08
2.441255122541048632e-08
2.433781863092643124e-08
2.426342256315428450e-08
2.418936009886474396e-08
2.411562831494741637e-08
2.404222714162979240e-08
2.396915363010830931e-08
2.389639632401759272e-08
2.382396931676651154e-08
2.375185267024440182e-08
2.368004632383646086e-08
2.360855858853490424e-08
2.353737827227709545e-08
2.346650338481679031e-08
2.339593212225733889e-08
2.332566821767884155e-08
2.325569601677955622e-08
2.318603030186606125e-08
2.311666096417118688e-08
2.304758620035631245e-08
2.297880420715095715e-08
2.291031590066493852e-08
2.284211403107055513e-08
2.277420492913183883e-08
2.270658135342949495e-08
2.263924136024563288e-08
2.257218244198217602e-08
2.250540462154733559e-08
2.243889989987657421e-08
2.237267361936280896e-08
2.230671778919864764e-08
2.224102976147273287e-08
2.217560688836894883e-08
2.211044914682787901e-08
2.204554863222076212e-08
2.198091054805106374e-08
2.191652699774195417e-08
2.185239533413206414e-08
2.178851372786875006e-08
2.172488877855549013e-08
2.166150984274494024e-08
2.159839463131391731e-08
2.153553766639703991e-08
2.147294120713736520e-08
2.141060751260049975e-08
2.134853884177458302e-08
2.128674250790316773e-08
2.122520812670368143e-08
2.116395309817637452e-08
2.110297209969437312e-08
2.104226739005484054e-08
2.098184012914930136e-08
2.092168708154572777e-08
2.086180391310735227e-08
2.080218875964618958e-08
2.074283726623277210e-08
2.068374262248208659e-08
2.062489559738124961e-08
2.056630655057811449e-08
2.050795645607877587e-08
2.044984587855009829e-08
2.039197290640571100e-08
2.033432835766219047e-08
2.027691514309285869e-08
2.021972497501475161e-08
2.016275795645111019e-08
2.010601507744579367e-08
2.004950208938350673e-08
1.999321044617062775e-08
1.993714827989607442e-08
1.988131183910368425e-08
1.982570919607365315e-08
1.977033660606223708e-08
1.971519505905927710e-08
1.966028554502432950e-08
1.960561371012855986e-08
1.955117121889283413e-08
1.949696526970365609e-08
1.944298833590469965e-08
1.938924367857760275e-08
1.933572300190005664e-08
1.928242264066573342e-08
1.922933892977607362e-08
1.917646820424033575e-08
1.912381134129416390e-08
1.907135331465319118e-08
1.901910406743930395e-08
1.896705312205627051e-08
1.891519681419006255e-08
1.886352699917053386e-08
1.881205467586679970e-08
1.876076884679279079e-08
1.870967765781022025e-08
1.865878477421574079e-08
1.860809607117466425e-08
1.855761519583407647e-08
1.850733920127192302e-08
1.845728055652942994e-08
1.840743851854841662e-08
1.835781675215581299e-08
1.830841892207741126e-08
1.825925303023346743e-08
1.821031405496134391e-08
1.816161012379519091e-08
1.811313036669180579e-08
1.806487264489359891e-08
1.801682405178042302e-08
1.796897599512103986e-08
1.792131988291267518e-08
1.787384712338107827e-08
1.782654912498046898e-08
1.777941729639355433e-08
1.773244725899955370e-08
1.768561988522027425e-08
1.763893920523413799e-08
1.759239031003031929e-08
1.754596328524240334e-08
1.749967210837490681e-08
1.745352107394574286e-08
1.740751865553374468e-08
1.736167745110241087e-08
1.731599767376561476e-08
1.727049193191883331e-08
1.722517074439829424e-08
1.718003848609882251e-08
1.713510975169906735e-08
1.709038892115371751e-08
1.704588446645862735e-08
1.700160485940022234e-08
1.695755609945870077e-08
1.691373429763969451e-08
1.687013309297856597e-08
1.682674612466772282e-08
1.678357101964099552e-08
1.674059144335088777e-08
1.669781298300377270e-08
1.665522329717880055e-08
1.661281207887253587e-08
1.657058087257337793e-08
1.652851936152924680e-08
1.648662118630140170e-08
1.644487998760214169e-08
1.640329058968211766e-08
1.636185643805824754e-08
1.632057048897829622e-08
1.627944124923306685e-08
1.623845978499632397e-08
1.619763842723264302e-08
1.615696827607984103e-08
1.611645776054841531e-08
1.607610377322885649e-08
1.603590705538820797e-08
1.599586834827652617e-08
1.595598839312691031e-08
1.591626793115548257e-08
1.587671116382844837e-08
1.583730971606193763e-08
1.579806623700220897e-08
1.575898146618158564e-08
1.572005052149427071e-08
1.568127787343411608e-08
1.564265864467086680e-08
1.560419170259839784e-08
1.556587221572026398e-08
1.552770645835894964e-08
1.548968958998297717e-08
1.545182414995845339e-08
1.541410165311266251e-08
1.537652474455195938e-08
1.533909277540017041e-08
1.530180882980954671e-08
1.526466326048007137e-08
1.522766641103466743e-08
1.519081227500546217e-08
1.515409669911231009e-08
1.511752634259369992e-08
1.508109704348710396e-08
1.504480824982539803e-08
1.500865940965294584e-08
1.497264997102561882e-08
1.493677938201077631e-08
1.490104706629674334e-08
1.486545588285376435e-08
1.482999805937278814e-08
1.479467643890292513e-08
1.475949207708728369e-08
1.472444076387232253e-08
1.468952705021357817e-08
1.465474673033753042e-08
1.462009563154211920e-08
1.458558001326271533e-08
1.455119569460817562e-08
1.451694197756421971e-08
1.448281816413046881e-08
1.444882357250493423e-08
1.441495758563686240e-08
1.438122302066561022e-08
1.434761243279077888e-08
1.431412864717692569e-08
1.428077445717549141e-08
1.424754077261466758e-08
1.421443716343171608e-08
1.418145456706372840e-08
1.414859913184940274e-08
1.411586687868114958e-08
1.408325720689927232e-08
1.405076617623872684e-08
1.401839987837732371e-08
1.398615439238786203e-08
1.395402915008074005e-08
1.392202689235695784e-08
1.389014042532547355e-08
1.385837249750022416e-08
1.382672254073456010e-08
1.379519326588734370e-08
1.376377753939226669e-08
1.373247971166846204e-08
1.370129594679493050e-08
1.367023056180306086e-08
1.363927648256267141e-08
1.360843963243152472e-08
1.357771619413519160e-08
1.354710559977403350e-08
1.351660728145862424e-08
1.348621746560763236e-08
1.345594200293850575e-08
1.342578030404624168e-08
1.339572541122433116e-08
1.336577995515456494e-08
1.333594336800892507e-08
1.330621508196961422e-08
1.327659768520243980e-08
1.324708429096193496e-08
1.321767750481357350e-08
1.318837837826507028e-08
1.315918639527455748e-08
1.313009635805702625e-08
1.310111401036421004e-08
1.307223571852541810e-08
1.304345787633430323e-08
1.301478618638551776e-08
1.298621703566311552e-08
1.295774991865004652e-08
1.292938432983786839e-08
1.290111976372678943e-08
1.287295571482563055e-08
1.284489168248818816e-08
1.281692718542200365e-08
1.278906478748499097e-08
1.276129792503768338e-08
1.273362916856547342e-08
1.270606106225637503e-08
1.267858708195302138e-08
1.265121128219992500e-08
1.262393017576371426e-08
1.259674778797452526e-08
1.256966063491943657e-08
1.254266525844847061e-08
1.251576715232909122e-08
1.248896285321623780e-08
1.246225189079754976e-08
1.243563379596268236e-08
1.240910809960885129e-08
1.238267433264083600e-08
1.235633202597098131e-08
1.233008071051920570e-08
1.230391991721297654e-08
1.227784917698733978e-08
1.225186802078491010e-08
1.222597888625078218e-08
1.220017548482987459e-08
1.217446026032630339e-08
1.214883564180551195e-08
1.212329542592980797e-08
1.209784353452398589e-08
1.207247667750757305e-08
1.204719874953837029e-08
1.202200646361986259e-08
1.199689655671737405e-08
1.197187432873855493e-08
1.194693651070281780e-08
1.192208269192686020e-08
1.189731246173362657e-08
1.187262540945228836e-08
1.184801830741737867e-08
1.182349638628527974e-08
1.179905922541144600e-08
1.177470080656707139e-08
1.175042353925336661e-08
1.172622702179643891e-08
1.170211085252849022e-08
1.167807740645593981e-08
1.165412072290139202e-08
1.163024318258781206e-08
1.160644714353930344e-08
1.158272667915372917e-08
1.155908552732892770e-08
1.153552053521626089e-08
1.151203542336271103e-08
1.148862434951485662e-08
1.146529242838811004e-08
1.144203656849734674e-08
1.141885370047863241e-08
1.139574890588869643e-08
1.137271910987176711e-08
1.134976395822295358e-08
1.132688309674239590e-08
1.130407617123529313e-08
1.128134282751187198e-08
1.125868271138741321e-08
1.123609546868222517e-08
1.121358074532803747e-08
1.119113818768706434e-08
1.116876744223292305e-08
1.114646815544425847e-08
1.112424261901879022e-08
1.110208518375780057e-08
1.107999814664513165e-08
1.105798378366546124e-08
1.103603647714105774e-08
1.101416112737602739e-08
1.099235083058720287e-08
1.097061308280296157e-08
1.094894099836848586e-08
1.092733944435840556e-08
1.090580549943407716e-08
1.088433627090656534e-08
1.086293663596888092e-08
1.084160369684418169e-08
1.082033457604885241e-08
1.079913412035461467e-08
1.077799944723742813e-08
1.075693025229867709e-08
1.073592623114379901e-08
1.071498707938226633e-08
1.069411249262760635e-08
1.067330216649738630e-08
1.065255579858236647e-08
1.063187309435387997e-08
1.061125376125632392e-08
1.059070002529535088e-08
1.057020655194320461e-08
1.054977557209330323e-08
1.052940679320551213e-08
1.050910242192906383e-08
1.048885716255439688e-08
1.046867571614685358e-08
1.044855280622950333e-08
1.042849063466075035e-08
1.040849014657315900e-08
1.038854857704120633e-08
1.036866936569248117e-08
1.034884977628658537e-08
1.032908709143805103e-08
1.030938596778431002e-08
1.028974368325466075e-08
1.027015753446467136e-08
1.025063215003718141e-08
1.023116482194440386e-08
1.021175528926765131e-08
1.019240329109143923e-08
1.017310856650350908e-08
1.015387085459482501e-08
1.013468989556209810e-08
1.011556543401532594e-08
1.009649721567018518e-08
1.007748498624548420e-08
1.005852849146317301e-08
1.003962747704833827e-08
1.002078168872920500e-08
1.000199087223713981e-08
9.983257147641363178e-09
9.964575507574318073e-09
9.945948076560128576e-09
9.927374600342651746e-09
9.908857181337508756e-09
9.890390852737182903e-09
9.871980095094010910e-09
9.853619984966122790e-09
9.835314990587240047e-09
9.817059038523126376e-09
9.798858916657146381e-09
9.780708566731066868e-09
9.762612422313206948e-09
9.744565611992192616e-09
9.726572552152119054e-09
9.708630697650759932e-09
9.690737520415748516e-09
9.672897411238086104e-09
9.655107840616176828e-09
9.637368599431299011e-09
9.619679481381352100e-09
9.602037996355276213e-09
9.584448509855381228e-09
9.566908527586458063e-09
9.549417843255865803e-09
9.531976250573302797e-09
9.514583543250808319e-09
9.497239515002795647e-09
9.479943959546005749e-09
9.462696670599543672e-09
9.445499688521252702e-09
9.428348312886099472e-09
9.411244604126222650e-09
9.394188375152101663e-09
9.377179438876356681e-09
9.360219834597336702e-09
9.343304918447743243e-09
9.326436733758253770e-09
9.309617307815893042e-09
9.292842020828206150e-09
9.276112904081268845e-09
9.259431972949811711e-09
9.242794631517762930e-09
9.226205093681969892e-09
9.209657684645894471e-09
9.193158798256588806e-09
9.176702776596184804e-09
9.160293805879164682e-09
9.143929516117431973e-09
9.127607552893221898e-09
9.111332079074338542e-09
9.095100736370676968e-09
9.078911181935966505e-09
9.062767555481093300e-09
9.046667510318871115e-09
9.030610863182430797e-09
9.014595286508881103e-09
8.998624894878428109e-09
8.982697384198929182e-09
8.966812603935377915e-09
8.950970403554326312e-09
8.935170632523907944e-09
8.919413140313818099e-09
8.903697776395338599e-09
8.888024390241311328e-09
8.872392831326156428e-09
8.856802949125860726e-09
8.841254593117987652e-09
8.825747612781672279e-09
8.810283953366894255e-09
8.794859267516875580e-09
8.779475495974227532e-09
8.764132478403704676e-09
8.748830054471719248e-09
8.733570141393840966e-09
8.718348420129383229e-09
8.703166811522305460e-09
8.688027221975110285e-09
8.672925354116649110e-09
8.657863117949253375e-09
8.642842409147381195e-09
8.627858951839040980e-09
8.612916694158062415e-09
8.598010356199585800e-09
8.583145941023344207e-09
8.568318203127405995e-09
8.553531088738185222e-09
8.538780390888320051e-09
8.524070041755519712e-09
8.509397872687490189e-09
8.494761728993523638e-09
8.480165521914815572e-09
8.465607093286746074e-09
8.451084298798059695e-09
8.436601028915767471e-09
8.422155135881606760e-09
8.407746487565697127e-09
8.393374958767718134e-09
8.379038432690138884e-09
8.364740775924649418e-09
8.350479868270732540e-09
8.336255586264875785e-09
8.322067806444751208e-09
8.307916405349198846e-09
8.293801259518226715e-09
8.279722245493025697e-09
8.265679239815944729e-09
8.251672119030515615e-09
8.237700759681443102e-09
8.223765038387519194e-09
8.209864832060385960e-09
8.196000017685782649e-09
8.182170472250601602e-09
8.168378016027246880e-09
8.154618636167517800e-09
8.140894156223212355e-09
8.127204453185883223e-09
8.113549404048242786e-09
8.099930812827141885e-09
8.086344699244045702e-09
8.072792870553929315e-09
8.059277121118587967e-09
8.045793493522042633e-09
8.032343802928135789e-09
8.018929855222216708e-09
8.005547729775384015e-09
7.992201137090361051e-09
7.978886169256944109e-09
7.965606524094787189e-09
7.952357360367439682e-09
7.939144256807123678e-09
7.925962383195197754e-09
7.912815412175587586e-09
7.899699473612977929e-09
7.886618227657856274e-09
7.873567815487100215e-09
7.860551879051963143e-09
7.847568433229787353e-09
7.834615505254215054e-09
7.821696717392714566e-09
7.808810093803533446e-09
7.795955525710887550e-09
7.783131052584880383e-09
7.770340272200885281e-09
7.757581220984119172e-09
7.744853790162545041e-09
7.732157870965053968e-09
7.719491517987383889e-09
7.706858300744183248e-09
7.694256280893469455e-09
7.681685361751349994e-09
7.669145446634751262e-09
7.656636438861435107e-09
7.644158241749970706e-09
7.631710758619774267e-09
7.619293892791077599e-09
7.606907547584936386e-09
7.594551626323243413e-09
7.582226032328708724e-09
7.569930668924871196e-09
7.557665439436095233e-09
7.545430249695901675e-09
7.533225015571886074e-09
7.521051444922458354e-09
7.508905874275416877e-09
7.496790014383595641e-09
7.484703783625695474e-09
7.472647100381113690e-09
7.460621658152272673e-09
7.448623822224449065e-09
7.436655288959295274e-09
7.424715976738978843e-09
7.412807567706868706e-09
7.400926449902381218e-09
7.389074306314798259e-09
7.377252800713167000e-09
7.365458326144258176e-09
7.353692547202583998e-09
7.341957117286743097e-09
7.330248446240859421e-09
7.318569931620800633e-09
7.306917994401013801e-09
7.295296021037059369e-09
7.283699577039473205e-09
7.272133772272234365e-09
7.260594181891097480e-09
7.249084170311839770e-09
7.237600195147045466e-09
7.226145627717993238e-09
7.214718671087438672e-09
7.203317539194576409e-09
7.191945590617739480e-09
7.180601036588092020e-09
7.169282099134834559e-09
7.157992120641798627e-09
7.146729320449677364e-09
7.135491928619411416e-09
7.124283271457009599e-09
7.113101576354280220e-09
7.101946771234053954e-09
7.090817095490234493e-09
7.079715847740738914e-09
7.068641258305075423e-09
7.057593247391305229e-09
7.046571735208104965e-09
7.035576641964750970e-09
7.024606216363069568e-09
7.013663724230262844e-09
7.002747411662558046e-09
6.991857198871676658e-09
6.980993006069948143e-09
6.970154753470309113e-09
6.959342361286303331e-09
6.948555751511844345e-09
6.937794853260493459e-09
6.927059597426112277e-09
6.916349914903086837e-09
6.905665736586327608e-09
6.895006993371268665e-09
6.884373616153870998e-09
6.873765535830621682e-09
6.863182683298532225e-09
6.852626620089853301e-09
6.842094013329998541e-09
6.831586427061432189e-09
6.821103792183247768e-09
6.810646038859282768e-09
6.800214712488701214e-09
6.789806500728026749e-09
6.779422950721270737e-09
6.769063988955561207e-09
6.758729541918568818e-09
6.748421141966569649e-09
6.738135501407748772e-09
6.727874155049806460e-09
6.717638627934354105e-09
6.707425647021139111e-09
6.697236739785885828e-09
6.687073424007175233e-09
6.676932444205691600e-09
6.666816922113245740e-09
6.656723626956084930e-09
6.646654092181276741e-09
6.636609841652206429e-09
6.626587658972466611e-09
6.616590644928309991e-09
6.606615592651920449e-09
6.596664808525683703e-09
6.586736666143943509e-09
6.576833461246599679e-09
6.566952005888868942e-09
6.557095372477078251e-09
6.547260379716615810e-09
6.537450076919276595e-09
6.527662831815367971e-09
6.517897021452639132e-09
6.508155678424272818e-09
6.498437177457953622e-09
6.488739902533382943e-09
6.479066872367969896e-09
6.469416468637635983e-09
6.459787082205474343e-09
6.450181718010373748e-09
6.440598764627786560e-09
6.431036619756116128e-09
6.421498276777231121e-09
6.411982141743708352e-09
6.402488155536492011e-09
6.393014737644548253e-09
6.383564873980672084e-09
6.374136981783071214e-09
6.364731001934282154e-09
6.355346875317221921e-09
6.345984542815213675e-09
6.336642437319490062e-09
6.327323517914310810e-09
6.318026215271355505e-09
6.308750470275530533e-09
6.299496224126858386e-09
6.290263419284670424e-09
6.281051998523405838e-09
6.271861904617884328e-09
6.262693080343307748e-09
6.253545468475255974e-09
6.244419011789691040e-09
6.235313653062957964e-09
6.226229335071774823e-09
6.217166000593250124e-09
6.208123592404865430e-09
6.199102053284488600e-09
6.190101326010362205e-09
6.181121354543295169e-09
6.172162087573174835e-09
6.163223474972413541e-09
6.154306931262522246e-09
6.145409474903989991e-09
6.136532522538915252e-09
6.127676024041028064e-09
6.118839929284391819e-09
6.110024188143404087e-09
6.101230202524129329e-09
6.092455016152973238e-09
6.083700033027457799e-09
6.074965203023299936e-09
6.066250472994529930e-09
6.057557219356717706e-09
6.048882488493929129e-09
6.040227655867455554e-09
6.031594088700000131e-09
6.022978845735473934e-09
6.014383296250149455e-09
6.005807371990981997e-09
5.997252432018577549e-09
5.988715551425071932e-09
5.980199514565037102e-09
5.971701404648912618e-09
5.963222578709726794e-09
5.954764389981140834e-09
5.946323955140039750e-09
5.937904063993890038e-09
5.929501845517489253e-09
5.921118672297364275e-09
5.912755908939946890e-09
5.904410696391402760e-09
5.896085804509497078e-09
5.887777681532339796e-09
5.879490491673785330e-09
5.871220690084373550e-09
5.862971030824263465e-09
5.854738678539305643e-09
5.846526377464913186e-09
5.838332679710071113e-09
5.830156143205910752e-09
5.821999490589024518e-09
5.813859894133103209e-09
5.805740068718106990e-09
5.797638574215751105e-09
5.789553978211647589e-09
5.781488984016376771e-09
5.773440783189357011e-09
5.765412071371684003e-09
5.757401418067770722e-09
5.749407400409417076e-09
5.741432703409445469e-09
5.733475906356685592e-09
5.725536959643037406e-09
5.717614452828387601e-09
5.709711059848911212e-09
5.701825368381732593e-09
5.693957328819889077e-09
5.686105538215708044e-09
5.678272655507164715e-09
5.670457275880623346e-09
5.662659349730269395e-09
5.654878827450572046e-09
5.647114315365599607e-09
5.639368454105354517e-09
5.631639849408311667e-09
5.623928453181622797e-09
5.616234217332708483e-09
5.608557093769268056e-09
5.600897034399274649e-09
5.593252659866287241e-09
5.585626586421403033e-09
5.578017432891503783e-09
5.570425151185671043e-09
5.562849693213263472e-09
5.555291010883906079e-09
5.547749056107504290e-09
5.540223779904209185e-09
5.532715129734339693e-09
5.525223052168495969e-09
5.517747493777576779e-09
5.510288401132789429e-09
5.502845720805644797e-09
5.495419399367958995e-09
5.488009383391850879e-09
5.480615619449747847e-09
5.473238054114377560e-09
5.465876633958777048e-09
5.458531305556284433e-09
5.451202015480544720e-09
5.443890009572968990e-09
5.436592658751681058e-09
5.429311228178748923e-09
5.422045685526380949e-09
5.414795998466969134e-09
5.407562134673091590e-09
5.400344061817509240e-09
5.393143031258122174e-09
5.385956441589416528e-09
5.378785545882126188e-09
5.371630311809740821e-09
5.364490707045937865e-09
5.357367974443089749e-09
5.350259525647445373e-09
5.343166585302613949e-09
5.336089097199533764e-09
5.329027005129464879e-09
5.321981519648449903e-09
5.314950049347608182e-09
5.307933806459104192e-09
5.300933996535192134e-09
5.293948038188224919e-09
5.286977138635724352e-09
5.280022498458502299e-09
5.273081546225344734e-09
5.266155484171590185e-09
5.259245510965821528e-09
5.252349080205337247e-09
5.245467407338690230e-09
5.238601701262609530e-09
5.231749428430298225e-09
5.224911799371663327e-09
5.218090018106732683e-09
5.211281560854458279e-09
5.204488872084183934e-09
5.197709434490650199e-09
5.190945686082021164e-09
5.184195116001235337e-09
5.177458923423416185e-09
5.170738300646272644e-09
5.164030744113007521e-09
5.157338673014217581e-09
5.150658976695503700e-09
5.143995294801067043e-09
5.137344522235271390e-09
5.130709065484782670e-09
5.124086439587244005e-09
5.117479044717700812e-09
5.110885618781516478e-09
5.104304905962976450e-09
5.097739297019671563e-09
5.091186322687181646e-09
5.084648366920683469e-09
5.078122963902556434e-09
5.071612488582997169e-09
5.065115686478544906e-09
5.058631309292637097e-09
5.052161722696120207e-09
5.045705676851060027e-09
5.039261928067601805e-09
5.032832832795472052e-09
5.026415949330996225e-09
5.020013628008560356e-09
5.013624626668119852e-09
5.007248901157693564e-09
5.000885218661366058e-09
4.994535926092032207e-09
4.988199797854025215e-09
4.981875614385468677e-09
4.975565715295928468e-09
4.969268879520142310e-09
4.962985073386946648e-09
4.956713083318936485e-09
4.950455236946317368e-09
4.944210319200697038e-09
4.937978296411561275e-09
4.931757960936655018e-09
4.925551628525579755e-09
4.919358088905528618e-09
4.913177302647411561e-09
4.907009229170488059e-09
4.900852661271875751e-09
4.894709893076745098e-09
4.888579715918739331e-09
4.882462089217897956e-09
4.876356972394449902e-09
4.870264324868820969e-09
4.864184106061628035e-09
4.858115118934887033e-09
4.852059637267300840e-09
4.846016462578231114e-09
4.839985555663718249e-09
4.833966882818525463e-09
4.827960411712224070e-09
4.821966110014527657e-09
4.815983945395310283e-09
4.810013885524595728e-09
4.804055898072565764e-09
4.798109950709551055e-09
4.792176011106038602e-09
4.786254046932670916e-09
4.780344025860241055e-09
4.774445915559695104e-09
4.768559683702137970e-09
4.762685296584903748e-09
4.756822715009828887e-09
4.750971898405020385e-09
4.745132806198773011e-09
4.739305397819581711e-09
4.733489632696131683e-09
4.727685470257300031e-09
4.721892869932156592e-09
4.716111791149965589e-09
4.710342193340183981e-09
4.704584035932463112e-09
4.698837278356642924e-09
4.693101880042759402e-09
4.687378918522670053e-09
4.681666131399429901e-09
4.675964608805473557e-09
4.670274323658203835e-09
4.664595248875160033e-09
4.658927357374004702e-09
4.653270622072532738e-09
4.647625015888669735e-09
4.641991616799883669e-09
4.636368186268131021e-09
4.630755803611149761e-09
4.625154441747375024e-09
4.619564073595363543e-09
4.613985769075242767e-09
4.608417295997779729e-09
4.602859718623977978e-09
4.597313001489388576e-09
4.591777109129731330e-09
4.586253097883836364e-09
4.580738747370429289e-09
4.575235115242676455e-09
4.569742166036959414e-09
4.564260950862247288e-09
4.558789259809137321e-09
4.553328145290753096e-09
4.547878654520176226e-09
4.542438586753629190e-09
4.537008997325037612e-09
4.531590937763138304e-09
4.526182221904035087e-09
4.520783902565528151e-09
4.515395952474590926e-09
4.510019418029959775e-09
4.504652123339128869e-09
4.499296187201130740e-09
4.493949438829633074e-09
4.488612923347394852e-09
4.483287680795775603e-09
4.477971548011090202e-09
4.472665565647324681e-09
4.467370766688691751e-09
4.462084991624378058e-09
4.456810335060116986e-09
4.451544642513766008e-09
4.446288945058653012e-09
4.441044268763709501e-09
4.435808466654022800e-09
4.430583620824565288e-09
4.425367589281573587e-09
4.420162449148830861e-09
4.414966063394903846e-09
4.409780504191132879e-09
4.404603640487378903e-09
4.399437544709356011e-09
4.394280095920174281e-09
4.389133362667836763e-09
4.383994707073420484e-09
4.378867237095030100e-09
4.373748319130940556e-09
4.368640011953609699e-09
4.363540209290814131e-09
4.358450965054627459e-09
4.353370177824557389e-09
4.348299896670432533e-09
4.343238025005402914e-09
4.338186606243241254e-09
4.333143544453549767e-09
4.328110874084642894e-09
4.323087532382092567e-09
4.318072461375803147e-09
4.313067688338141752e-09
4.308071128468093209e-09
4.303084804276171670e-09
4.298107658983272684e-09
4.293138640550603329e-09
4.288179764378762607e-09
4.283228957517913281e-09
4.278288230650458327e-09
4.273356534932726422e-09
4.268432834278192920e-09
4.263519144414487641e-09
4.258614430099270076e-09
4.253717660761463169e-09
4.248830845122128709e-09
4.243952951445732751e-09
4.239082952642458158e-09
4.234222850465112040e-09
4.229371616665789660e-09
4.224528227616916090e-09
4.219694678141124673e-09
4.214869943459077505e-09
4.210054003519295324e-09
4.205245828326700025e-09
4.200447390377238264e-09
4.195657656341644729e-09
4.190876595214425623e-09
4.186103179363508041e-09
4.181339372170229770e-09
4.176584144867500372e-09
4.171837466450300853e-09
4.167098313807701713e-09
4.162368641272080233e-09
4.157647424605633801e-09
4.152934632803820707e-09
4.148230236872726326e-09
4.143533229359970838e-09
4.138845565440575445e-09
4.134166238555718874e-09
4.129495229764321673e-09
4.124832520125373873e-09
4.120177109753137751e-09
4.115530942701594012e-09
4.110893017977946103e-09
4.106263316641477707e-09
4.101641819751546123e-09
4.097028508367578134e-09
4.092423363549074143e-09
4.087825393603193656e-09
4.083236529662979844e-09
4.078655781425722171e-09
4.074083132931442211e-09
4.069518568220221923e-09
4.064962071332200340e-09
4.060413626307585150e-09
4.055873217186634503e-09
4.051340828009676854e-09
4.046816442817093602e-09
4.042300045649330663e-09
4.037791620546897649e-09
4.033290191274036458e-09
4.028797661401858453e-09
4.024313043169846301e-09
4.019836308073637335e-09
4.015367427608975594e-09
4.010906373271715960e-09
4.006453116557820846e-09
4.002007628963360203e-09
3.997569881984513164e-09
3.993139847117568056e-09
3.988717495858920734e-09
3.984302799705076245e-09
3.979895730152647167e-09
3.975496258698355267e-09
3.971104359677351224e-09
3.966720018778148991e-09
3.962343224527633531e-09
3.957973965452731164e-09
3.953612230080413708e-09
3.949258947224011792e-09
3.944912223803926265e-09
3.940572989669380099e-09
3.936241233347516337e-09
3.931916943365523517e-09
3.927600108250629054e-09
3.923290716530108341e-09
3.918988756731277302e-09
3.914694216162339837e-09
3.910407077254922724e-09
3.906127321221565530e-09
3.901854929274875653e-09
3.897590810622476230e-09
3.893333089474383123e-09
3.889082676052954184e-09
3.884839551571083844e-09
3.880603697241731879e-09
3.876375094277934166e-09
3.872153723892796066e-09
3.867939567299494905e-09
3.863733525651777524e-09
3.859533739340516941e-09
3.855341110808520068e-09
3.851155621615005311e-09
3.846977253319260564e-09
3.842806902442731902e-09
3.838642719630067884e-09
3.834485602395146032e-09
3.830335532297532172e-09
3.826192490896859129e-09
3.822057369778629927e-09
3.817928329468780137e-09
3.813806262536862408e-09
3.809691150542786672e-09
3.805582975470303589e-09
3.801482626129375330e-09
3.797388275386568924e-09
3.793300813451373274e-09
3.789220224426623567e-09
3.785147393660093532e-09
3.781080501797504923e-09
3.777020435155847265e-09
3.772967177838192318e-09
3.768921611332395425e-09
3.764881924011203313e-09
3.760848998325199541e-09
3.756823712884234911e-09
3.752804262407959221e-09
3.748791529391862840e-09
3.744785501452706237e-09
3.740787056898659998e-09
3.736794401014032062e-09
3.732808413058489775e-09
3.728829968495653672e-09
3.724857278304097123e-09
3.720891218894176170e-09
3.716932662899182605e-09
3.712979826963488215e-09
3.709033584662390066e-09
3.705094805812984822e-09
3.701161712233900128e-09
3.697235172363339522e-09
3.693316050436842977e-09
3.689402571566208350e-09
3.685496478456807068e-09
3.681595999944478966e-09
3.677701999334002193e-09
3.673815336221727606e-09
3.669934245006378132e-09
3.666060459122334524e-09
3.662192216661547552e-09
3.658330376297309786e-09
3.654475793025117829e-09
3.650626710539316654e-09
3.646784853507153970e-09
3.642948469713028015e-09
3.639118413749724170e-09
3.635295536562502521e-09
3.631478091407282714e-09
3.627667793918034468e-09
3.623862900983349447e-09
3.620065124610700667e-09
3.616272725309405671e-09
3.612487411472354652e-09
3.608707447217708583e-09
3.604934537335633296e-09
3.601166950102561445e-09
3.597406389524038348e-09
3.593651130268022815e-09
3.589902873322131405e-09
3.586159896927803973e-09
3.582422618983375391e-09
3.578692733793971968e-09
3.574968949228557493e-09
3.571250403655056946e-09
3.567538787393587447e-09
3.563832389336092622e-09
3.560132896270072098e-09
3.556438600614466716e-09
3.552751185453688677e-09
3.549068945812164578e-09
3.545393560354717002e-09
3.541723327427789028e-09
3.538059922198069665e-09
3.534401646504598007e-09
3.530750172027323486e-09
3.527104643939414932e-09
3.523464210886711238e-09
3.519830539340328176e-09
3.516201939821124958e-09
3.512580075341773147e-09
3.508963259876115945e-09
3.505353153392963629e-09
3.501748909144779758e-09
3.498149684220720284e-09
3.494557135456458666e-09
3.490969587829393313e-09
3.487388694755871257e-09
3.483813614180013235e-09
3.480243507451502122e-09
3.476680022878474917e-09
3.473122320961365119e-09
3.469569565589619375e-09
3.466023399987992066e-09
3.462482987200806023e-09
3.458947493045525283e-09
3.455418552691194485e-09
3.451894506158826134e-09
3.448376984659280736e-09
3.444865151852860192e-09
3.441358174745199453e-09
3.437857679529349494e-09
3.434362832376730724e-09
3.430873619744573408e-09
3.427389211962415369e-09
3.423911228570621062e-09
3.420438839069882169e-09
3.416971216268642949e-09
3.413509975322276313e-09
3.410054291096619920e-09
3.406603342325789718e-09
3.403158742109813730e-09
3.399719668361901870e-09
3.396286110998332455e-09
3.392857252024068937e-09
3.389434697992559417e-09
3.386017630093109359e-09
3.382606038242119918e-09
3.379199107694468589e-09
3.375798438498911976e-09
3.372403215099892821e-09
3.369013427376776918e-09
3.365628263627848102e-09
3.362249317215842734e-09
3.358875775596632744e-09
3.355507628463958396e-09
3.352144067287492897e-09
3.348786679008118700e-09
3.345434654295393752e-09
3.342087982843171225e-09
3.338746654345342342e-09
3.335409864253508666e-09
3.332079191538788631e-09
3.328753830859033279e-09
3.325433772108393017e-09
3.322119005981608320e-09
3.318808733081402431e-09
3.315504525673338018e-09
3.312205583572686783e-09
3.308911897674438047e-09
3.305623458873607597e-09
3.302340258065239347e-09
3.299061500550970574e-09
3.295788749191523455e-09
3.292521208508578397e-09
3.289258869397287672e-09
3.286001722752822167e-09
3.282749759105761331e-09
3.279502967528210925e-09
3.276260556559680589e-09
3.273024076013875681e-09
3.269792733659005831e-09
3.266566518202688346e-09
3.263345418352571969e-09
3.260129422816335634e-09
3.256918520301691776e-09
3.253712699516386331e-09
3.250511175127215146e-09
3.247315484684383818e-09
3.244124842093117482e-09
3.240939236327422412e-09
3.237758657425851179e-09
3.234583095693115775e-09
3.231412541433952596e-09
3.228246984953130296e-09
3.225086416555440278e-09
3.221930826545705378e-09
3.218780205228774487e-09
3.215634542909522966e-09
3.212493829892857197e-09
3.209357292235381050e-09
3.206226449483714917e-09
3.203100526948342863e-09
3.199979515477070997e-09
3.196863408088888688e-09
3.193752198345596110e-09
3.190645879809006260e-09
3.187544446040956950e-09
3.184447890603300053e-09
3.181356207057907711e-09
3.178269388966669433e-09
3.175187429891494170e-09
3.172110323394307827e-09
3.169038063037056164e-09
3.165970642381702725e-09
3.162908054990228009e-09
3.159850293393437172e-09
3.156797345997370292e-09
3.153749200176909475e-09
3.150705843306967016e-09
3.147667262762497810e-09
3.144633445918487775e-09
3.141604380149962115e-09
3.138580052831979538e-09
3.135560451339636802e-09
3.132545563048064578e-09
3.129535375332432829e-09
3.126529875567944606e-09
3.123529051129839768e-09
3.120533633227788221e-09
3.117542125914226716e-09
3.114555264724536393e-09
3.111573041369304587e-09
3.108595447559141795e-09
3.105622475004682501e-09
3.102654115416583523e-09
3.099690360505528149e-09
3.096731201982220347e-09
3.093776631557389728e-09
3.090826640941788234e-09
3.087881221846193040e-09
3.084940365981403238e-09
3.082004065449369714e-09
3.079073047162317553e-09
3.076145837989811369e-09
3.073223165932875888e-09
3.070305025049164291e-09
3.067391409396345475e-09
3.064482313032106534e-09
3.061577730014152760e-09
3.058677654400205161e-09
3.055782080247999221e-09
3.052891728630764462e-09
3.050005138888434029e-09
3.047123032782229614e-09
3.044245403073975509e-09
3.041372237341603085e-09
3.038503521867101912e-09
3.035639242932499614e-09
3.032780109049395995e-09
3.029924661361350581e-09
3.027073609060569866e-09
3.024226938429238637e-09
3.021384635749573113e-09
3.018546687303836250e-09
3.015713797542577191e-09
3.012884515738376150e-09
3.010059547016145401e-09
3.007238878914959504e-09
3.004422504000562483e-09
3.001611130907577405e-09
2.998803323165908816e-09
2.995999790079379653e-09
2.993200525470467788e-09
2.990405523161668467e-09
2.987615488457097679e-09
2.984828991552999515e-09
2.982046738417615080e-09
2.979268722873508274e-09
2.976494938743261610e-09
2.973726088025766359e-09
2.970960747756471605e-09
2.968199621710652220e-09
2.965442705051720297e-09
2.962690698493224803e-09
2.959942185444311515e-09
2.957197867273598543e-09
2.954457739144548437e-09
2.951721796220639877e-09
2.948990735955253229e-09
2.946263148283056657e-09
2.943539731307510113e-09
2.940820480192148527e-09
2.938106089800104004e-09
2.935395153478488989e-09
2.932688357875697065e-09
2.929986385289553392e-09
2.927287824074055945e-09
2.924593357170248424e-09
2.921902969108845040e-09
2.919217339625050109e-09
2.916535062202498929e-09
2.913856817215721645e-09
2.911183282488083185e-09
2.908513055330152578e-09
2.905846814201743648e-09
2.903184543633872940e-09
2.900526921265546263e-09
2.897872561240480033e-09
2.895222153587549855e-09
2.892576385810954513e-09
2.889933878192892103e-09
2.887295318867328750e-09
2.884661393454836081e-09
2.882030726007719034e-09
2.879404002773497134e-09
2.876781907497565333e-09
2.874163067985432385e-09
2.871548168606624588e-09
2.868937891239796634e-09
2.866330865425808584e-09
2.863727763659774122e-09
2.861129253956224330e-09
2.858533959570693172e-09
2.855942549136296003e-09
2.853355688817688199e-09
2.850772005573251269e-09
2.848192844485218230e-09
2.845616834971332408e-09
2.843044642581570439e-09
2.840476930415774343e-09
2.837912331567048603e-09
2.835351509746488624e-09
2.832795127855843625e-09
2.830241830797046447e-09
2.827692963653161838e-09
2.825147175386462751e-09
2.822605136440897731e-09
2.820067514838985526e-09
2.817532963175189279e-09
2.815002820479003385e-09
2.812475741757438928e-09
2.809952394429921410e-09
2.807433443512240845e-09
2.804917547616900423e-09
2.802406039764324438e-09
2.799897579774936763e-09
2.797392826131526897e-09
2.794892433744107230e-09
2.792395060077715595e-09
2.789902025066791812e-09
2.787411988553579126e-09
2.784926268098911424e-09
2.782443525915250994e-09
2.779964415132544841e-09
2.777489586519273328e-09
2.775017705830220719e-09
2.772550084722592338e-09
2.770085391304108381e-09
2.767624935838414309e-09
2.765167393558575282e-09
2.762714077164883371e-09
2.760263665185519064e-09
2.757817467984952868e-09
2.755374166423838823e-09
2.752935068537611645e-09
2.750498857512628868e-09
2.748066184589392783e-09
2.745637698691167971e-09
2.743212086480226641e-09
2.740790650198925154e-09
2.738372078818407740e-09
2.735957671468376998e-09
2.733546115386240094e-09
2.731138378145081351e-09
2.728733799200622497e-09
2.726333343547331408e-09
2.723935702199830466e-09
2.721542163375564226e-09
2.719151420371429925e-09
2.716764759125977951e-09
2.714381521667519226e-09
2.712001052295145441e-09
2.709624633541329510e-09
2.707250964380010958e-09
2.704881326057220656e-09
2.702514424687117870e-09
2.700151544140342812e-09
2.697791393760194977e-09
2.695435255167581009e-09
2.693081839952362148e-09
2.690732427492127496e-09
2.688385731616891041e-09
2.686043029467325480e-09
2.683703037107202619e-09
2.681367029446667890e-09
2.679034362819932726e-09
2.676704395783796546e-09
2.674378398719849007e-09
2.672055087274809445e-09
2.669735723642098040e-09
2.667419024485254166e-09
2.665106249789421484e-09
2.662796752601841346e-09
2.660489888170274735e-09
2.658186913179193397e-09
2.655886549793534637e-09
2.653590052505092652e-09
2.651296777109900281e-09
2.649006081589042130e-09
2.646719217156841244e-09
2.644434912839537636e-09
2.642154424666969419e-09
2.639876490832618565e-09
2.637602366593590499e-09
2.635331419953249360e-09
2.633063021078713638e-09
2.630798421981483909e-09
2.628536992288885409e-09
2.626278103782937203e-09
2.624023005243128905e-09
2.621770443499876063e-09
2.619521665185533655e-09
2.617276042618927048e-09
2.615032949676205035e-09
2.612793626868711793e-09
2.610557444627253620e-09
2.608323775513288223e-09
2.606093856259925063e-09
2.603866438744339713e-09
2.601642757576490273e-09
2.599422185848678435e-09
2.597204098768983350e-09
2.594989727773760207e-09
2.592778447543281167e-09
2.590569634864738813e-09
2.588364518014166635e-09
2.586162472561732585e-09
2.583962873410021473e-09
2.581766941539394168e-09
2.579574050637617353e-09
2.577383576481860927e-09
2.575196736918482882e-09
2.573012907203433795e-09
2.570831464673425490e-09
2.568653624053774587e-09
2.566478762162123428e-09
2.564306257888323800e-09
2.562137322849478039e-09
2.559971335418495542e-09
2.557808286628293447e-09
2.555647564459825179e-09
2.553490384841732636e-09
2.551336136646818837e-09
2.549184210800429197e-09
2.547035820152407942e-09
2.544890355116020681e-09
2.542747208148711796e-09
2.540607589034075344e-09
2.538470889719564945e-09
2.536337108268248688e-09
2.534205639170637383e-09
2.532077688141464601e-09
2.529952648145479216e-09
2.527830512153038166e-09
2.525710670565360830e-09
2.523594318939263060e-09
2.521480847171543292e-09
2.519369647172715329e-09
2.517261911479098693e-09
2.515157031498843859e-09
2.513054999183868932e-09
2.510955208447548404e-09
2.508858847817966618e-09
2.506765310708846236e-09
2.504674589072170295e-09
2.502586079533224514e-09
2.500500970232638941e-09
2.498418660897907418e-09
2.496339147800078650e-09
2.494261833144993331e-09
2.492187901827823901e-09
2.490116755560089989e-09
2.488048390612869664e-09
2.485982803257250511e-09
2.483919398160844202e-09
2.481859355292081683e-09
2.479802078827564766e-09
2.477747565038408745e-09
2.475695220178513691e-09
2.473646218442392590e-09
2.471599963739284696e-09
2.469556450112798904e-09
2.467515671606556927e-09
2.465477035050388716e-09
2.463441709400022629e-09
2.461409101000182341e-09
2.459379203894537130e-09
2.457352012126762892e-09
2.455326934942715399e-09
2.453305136463033129e-09
2.451286025451688275e-09
2.449269595838930420e-09
2.447255841101116116e-09
2.445244754601138380e-09
2.443235747782083748e-09
2.441229978323957306e-09
2.439226857191789788e-09
2.437226377748528392e-09
2.435228533357130241e-09
2.433233317380564452e-09
2.431240144117268106e-09
2.429250165533020579e-09
2.427262795451973444e-09
2.425278027237146689e-09
2.423295854891726131e-09
2.421316274979499281e-09
2.419338708472722962e-09
2.417364305508706628e-09
2.415392486589118674e-09
2.413423248917918644e-09
2.411456589699074354e-09
2.409492506136555273e-09
2.407530995434339145e-09
2.405571481841713884e-09
2.403615108937747428e-09
2.401661300505435228e-09
2.399710053748775292e-09
2.397761365432098453e-09
2.395815230561043268e-09
2.393871643701583188e-09
2.391930599419703658e-09
2.389991523035207409e-09
2.388055548067321813e-09
2.386122099374430470e-09
2.384191171522562666e-09
2.382262759077755131e-09
2.380336856606055348e-09
2.378413458673521141e-09
2.376492559846223153e-09
2.374574154690239474e-09
2.372657672939256972e-09
2.370744241294149185e-09
2.368833290471485041e-09
2.366924816764089190e-09
2.365018816464796205e-09
2.363115285866446452e-09
2.361214221261887328e-09
2.359315618943973260e-09
2.357419475205566119e-09
2.355525786339534808e-09
2.353634548638754434e-09
2.351745198253791112e-09
2.349858852211195262e-09
2.347974945651775427e-09
2.346093472067614932e-09
2.344214424390647350e-09
2.342337795552816590e-09
2.340463578486083522e-09
2.338591766122420182e-09
2.336722351393813080e-09
2.334855327232261963e-09
2.332990686569778571e-09
2.331128422338391601e-09
2.329268527470140091e-09
2.327410994897077553e-09
2.325555817551269907e-09
2.323702989509198206e-09
2.321851956398297461e-09
2.320003824510272093e-09
2.318158040176468790e-09
2.316314603195371053e-09
2.314473513365460312e-09
2.312634770485221310e-09
2.310798374353138373e-09
2.308964324767693759e-09
2.307132621527373452e-09
2.305303264430662190e-09
2.303476253276045957e-09
2.301651587862008251e-09
2.299829266632041660e-09
2.298009282609654440e-09
2.296191627463375927e-09
2.294376292861750348e-09
2.292563270473339299e-09
2.290752551966717198e-09
2.288944129010477490e-09
2.287137993273227679e-09
2.285334136423590574e-09
2.283532550130207181e-09
2.281733226061732569e-09
2.279936155886838349e-09
2.278141331274211849e-09
2.276348745234229421e-09
2.274558396143973041e-09
2.272770283722199233e-09
2.270984407687665762e-09
2.269200767759129979e-09
2.267419363655351303e-09
2.265640195095087498e-09
2.263863261797100052e-09
2.262088563480147141e-09
2.260316099862990254e-09
2.258545870664390050e-09
2.256777875603109256e-09
2.255012114397908947e-09
2.253248586078467798e-09
2.251487286918127875e-09
2.249728212501156289e-09
2.247971358411825531e-09
2.246216720234419256e-09
2.244464293553228152e-09
2.242714073952552005e-09
2.240966590789106601e-09
2.239220771686811898e-09
2.237477146418503093e-09
2.235735710568511405e-09
2.233996459721177565e-09
2.232259389460851405e-09
2.230524495264982897e-09
2.228791772183404789e-09
2.227061215159053281e-09
2.225332819134874500e-09
2.223606579053824496e-09
2.221882489858866766e-09
2.220160546492978041e-09
2.218440743899140843e-09
2.216723077020349687e-09
2.215007540799609015e-09
2.213294130179929886e-09
2.211583366882140632e-09
2.209874191886808275e-09
2.208167127371974889e-09
2.206462168529870300e-09
2.204759310602573130e-09
2.203058548832166965e-09
2.201359878460747387e-09
2.199663294730416594e-09
2.197968792883287535e-09
2.196276368161483090e-09
2.194586015807131925e-09
2.192897731062375943e-09
2.191212031097769248e-09
2.189527866897750733e-09
2.187845756034288708e-09
2.186165694971119881e-09
2.184487685058229894e-09
2.182811728867163212e-09
2.181137828969459338e-09
2.179465987936652810e-09
2.177796208340272790e-09
2.176129011089700386e-09
2.174463361684244812e-09
2.172799781430266867e-09
2.171138272899277516e-09
2.169478838662783173e-09
2.167821481292283635e-09
2.166166203359274978e-09
2.164513005420782280e-09
2.162861879975970211e-09
2.161213332296689689e-09
2.159566322901338029e-09
2.157921357454352687e-09
2.156278426440499299e-09
2.154637520344562944e-09
2.152998629651347308e-09
2.151361744845673038e-09
2.149727368465219156e-09
2.148094466500460249e-09
2.146463541878286566e-09
2.144834585083588234e-09
2.143207588222847848e-09
2.141582549888842588e-09
2.139959470295925557e-09
2.138338859000184073e-09
2.136719697147060217e-09
2.135102494678541741e-09
2.133487251808977612e-09
2.131873968752717624e-09
2.130262645724111570e-09
2.128653789973637562e-09
2.127046387260748242e-09
2.125440945219022149e-09
2.123837464062807837e-09
2.122235943123295867e-09
2.120636378199054754e-09
2.119039268952823683e-09
2.117443600425558359e-09
2.115849872660321964e-09
2.114258080572562245e-09
2.112668219077739770e-09
2.111080283091323793e-09
2.109494770003960822e-09
2.107910669403714758e-09
2.106328479058793735e-09
2.104748193884706299e-09
2.103169808796967613e-09
2.101593820034447974e-09
2.100019224594756891e-09
2.098446522737472898e-09
2.096875713752638457e-09
2.095306796930298924e-09
2.093740270285131238e-09
2.092175135285343032e-09
2.090611890318639095e-09
2.089050534675068507e-09
2.087491067644683654e-09
2.085933985383792697e-09
2.084378293079608129e-09
2.082824487259216857e-09
2.081272566669435703e-09
2.079723023271762099e-09
2.078174861952999698e-09
2.076628574500401164e-09
2.075084156944603428e-09
2.073541605316250454e-09
2.072001409195413986e-09
2.070462577147599405e-09
2.068925599119648272e-09
2.067390471142234328e-09
2.065857681332847436e-09
2.064326241184004249e-09
2.062796639178201309e-09
2.061268871149977495e-09
2.059742932149221806e-09
2.058219307298071170e-09
2.056697010551089085e-09
2.055176527393242436e-09
2.053657852678292802e-09
2.052141470081488087e-09
2.050626396453004111e-09
2.049113115829193236e-09
2.047601623063855917e-09
2.046092400392198023e-09
2.044584467546293455e-09
2.043078307120746063e-09
2.041573915136655800e-09
2.040071778232249721e-09
2.038570926011482872e-09
2.037071846637530298e-09
2.035574541967785535e-09
2.034079498381160306e-09
2.032585748336409712e-09
2.031093778568445404e-09
2.029604074390692307e-09
2.028115670394123611e-09
2.026629052246891551e-09
2.025144221806364844e-09
2.023661662971262509e-09
2.022180411609288264e-09
2.020700944200487992e-09
2.019223253276190041e-09
2.017747812001198419e-09
2.016273651289027015e-09
2.014801244655847137e-09
2.013331064214991333e-09
2.011862142984285400e-09
2.010394953427176005e-09
2.008929488075088689e-09
2.007466217645183071e-09
2.006004177949434470e-09
2.004543840053471365e-09
2.003085675128828235e-09
2.001628728560638911e-09
2.000173479353798568e-09
1.998720405126714087e-09
1.997268554841466229e-09
1.995818406462472351e-09
1.994369961504558649e-09
1.992923696206115566e-09
1.991478662290849471e-09
1.990035336341538358e-09
1.988594193565816706e-09
1.987154287750093954e-09
1.985716094445174519e-09
1.984280086264441481e-09
1.982845311213852008e-09
1.981412234412927807e-09
1.979981319615829725e-09
1.978551615309448076e-09
1.977123585588711926e-09
1.975697693187999534e-09
1.974272988635082433e-09
1.972849935003913067e-09
1.971428994012643984e-09
1.970009218222802188e-09
1.968591069690933613e-09
1.967175009122469034e-09
1.965760093149445753e-09
1.964346793033409978e-09
1.962935580733175262e-09
1.961525525119421480e-09
1.960117098486997278e-09
1.958710771788868722e-09
1.957305615908503783e-09
1.955902102133738948e-09
1.954500700415206657e-09
1.953100483642149727e-09
1.951701922098898078e-09
1.950305484737280518e-09
1.948910246445256377e-09
1.947516674211905829e-09
1.946125224517492218e-09
1.944734960470004782e-09
1.943346336585815482e-09
1.941959806058290370e-09
1.940574433979997856e-09
1.939191135805663153e-09
1.937808977947032387e-09
1.936428413267751214e-09
1.935049893316150096e-09
1.933672486477018054e-09
1.932296644626984435e-09
1.930922818331875665e-09
1.929550080137469317e-09
1.928179351219817663e-09
1.926809716405393054e-09
1.925441639101545563e-09
1.924075581412199960e-09
1.922710630118939872e-09
1.921347247650974710e-09
1.919985895138552049e-09
1.918625661311670351e-09
1.917267464336324577e-09
1.915910394237712592e-09
1.914554911822252342e-09
1.913201476604912808e-09
1.911849178503186735e-09
1.910498922230203956e-09
1.909149788766879534e-09
1.907802225037196921e-09
1.906456676681256823e-09
1.905112226605860044e-09
1.903769774269586970e-09
1.902428403859450536e-09
1.901088560695565314e-09
1.899750688821535378e-09
1.898413874339204966e-09
1.897079013515879250e-09
1.895745193726342854e-09
1.894412860845351080e-09
1.893082468075584863e-09
1.891753117591787774e-09
1.890425715383806112e-09
1.889099364892174510e-09
1.887774521152410927e-09
1.886451637937796650e-09
1.885129820582192160e-09
1.883809971919842777e-09
1.882491198543228390e-09
1.881174402029398075e-09
1.879858690226551448e-09
1.878544515965032702e-09
1.877232328594366172e-09
1.875921226697244593e-09
1.874612095348140807e-09
1.873304032149481447e-09
1.871997920928782366e-09
1.870692860534037938e-09
1.869389288235986301e-09
1.868087640063412225e-09
1.866787016727310244e-09
1.865488298950309677e-09
1.864190588681889651e-09
1.862894765407639150e-09
1.861599932312746494e-09
1.860306969578237672e-09
1.859014991270878714e-09
1.857724443453278053e-09
1.856435770958497838e-09
1.855148091627328053e-09
1.853862292215550861e-09
1.852577491790077589e-09
1.851294575881925012e-09
1.850012664781383077e-09
1.848732642797447758e-09
1.847453631441038691e-09
1.846176513801887834e-09
1.844900412608781318e-09
1.843625769081153659e-09
1.842353017323761108e-09
1.841081273036618375e-09
1.839811407423034765e-09
1.838542537394001482e-09
1.837275532943257956e-09
1.836009512190037227e-09
1.834745343921231104e-09
1.833482147461601514e-09
1.832220790393896077e-09
1.830960393245714586e-09
1.829701822398337229e-09
1.828444199579538346e-09
1.827188391500105315e-09
1.825933528726948905e-09
1.824680484416270573e-09
1.823428391858178779e-09
1.822178123015300713e-09
1.820928812369981137e-09
1.819681330693918090e-09
1.818434813659043178e-09
1.817190130848778679e-09
1.815946419121983862e-09
1.814704114583697346e-09
1.813463652155357211e-09
1.812224170471200892e-09
1.810986534531101855e-09
1.809749876026798570e-09
1.808514835246968548e-09
1.807280974402390430e-09
1.806048932458517858e-09
1.804817841835023129e-09
1.803588555880416145e-09
1.802360208186641502e-09
1.801133650931284487e-09
1.799908447645937824e-09
1.798684163029899056e-09
1.797461647509232641e-09
1.796240037595192363e-09
1.795020183761816883e-09
1.793801229745855011e-09
1.792584030921648350e-09
1.791367733399087391e-09
1.790153191393086106e-09
1.788939552171696615e-09
1.787727668792932297e-09
1.786516689680477799e-09
1.785307466737978730e-09
1.784099149542216959e-09
1.782892588845005220e-09
1.781686935373688945e-09
1.780483038730782893e-09
1.779280050322409667e-09
1.778078816258077730e-09
1.776878486743158798e-09
1.775679906273692402e-09
1.774482226198017824e-09
1.773286289870483783e-09
1.772091671926832889e-09
1.770897948141363135e-09
1.769705960160603813e-09
1.768514862179295692e-09
1.767325494708554934e-09
1.766137013077300664e-09
1.764950256663731516e-09
1.763764382069470222e-09
1.762580228247381007e-09
1.761396953633384013e-09
1.760215396193406565e-09
1.759035134528328480e-09
1.757855748363896157e-09
1.756678073978743567e-09
1.755501272620973737e-09
1.754326179447436756e-09
1.753151956826797997e-09
1.751979438796581838e-09
1.750807788843560925e-09
1.749637839888388171e-09
1.748469172610483874e-09
1.747301367021082170e-09
1.746135251697104404e-09
1.744969990236882173e-09
1.743806410106568297e-09
1.742643676014078375e-09
1.741482614317211243e-09
1.740322805413903424e-09
1.739163830807464680e-09
1.738006515197656425e-09
1.736850026055855584e-09
1.735695186979436039e-09
1.734541166541006057e-09
1.733388788131710569e-09
1.732237638549800225e-09
1.731087306584435879e-09
1.729938618450100084e-09
1.728790750824983429e-09
1.727644528829385535e-09
1.726499130234499330e-09
1.725355379068790281e-09
1.724212864941165774e-09
1.723071178549421347e-09
1.721931142288683623e-09
1.720791936652358876e-09
1.719654382949628894e-09
1.718518071190679820e-09
1.717382588632322697e-09
1.716248749204725354e-09
1.715115730354229935e-09
1.713984344930975427e-09
1.712854179502712399e-09
1.711724821714316853e-09
1.710597082800262889e-09
1.709470142899740879e-09
1.708344812173006198e-09
1.707220678533512744e-09
1.706097330966085774e-09
1.704975578023949266e-09
1.703854603438506140e-09
1.702735219263233187e-09
1.701617020232628753e-09
1.700499602146896561e-09
1.699383776374704428e-09
1.698268733880495226e-09
1.697155284970050836e-09
1.696043025709293313e-09
1.694931553224194452e-09
1.693821676230454700e-09
1.692712588342640243e-09
1.691605097219230955e-09
1.690498800250500414e-09
1.689393294841527281e-09
1.688289381871377743e-09
1.687186653284120041e-09
1.686084702074803980e-09
1.684984326506482673e-09
1.683884718167049773e-09
1.682786674271401648e-09
1.681689788076654638e-09
1.680593653885325870e-09
1.679499067344236590e-09
1.678405622494979725e-09
1.677312914421267975e-09
1.676221737206771880e-09
1.675131687258811199e-09
1.674042368358441620e-09
1.672954582533331233e-09
1.671867536605463495e-09
1.670782031566318023e-09
1.669697673039695083e-09
1.668614067682849375e-09
1.667532014937056220e-09
1.666451121201607013e-09
1.665370993905951686e-09
1.664292430946104284e-09
1.663215039494379649e-09
1.662138427749923405e-09
1.661063389884228686e-09
1.659989522918882676e-09
1.658916422714712960e-09
1.657844870986747802e-09
1.656774068650793553e-09
1.655704796401183717e-09
1.654636650353962530e-09
1.653569227643195335e-09
1.652503307436231541e-09
1.651438486613054523e-09
1.650374363068489289e-09
1.649311714447671088e-09
1.648250138392127125e-09
1.647189235727910853e-09
1.646129793446527924e-09
1.645071422985417775e-09
1.644013736790689466e-09
1.642957522513612247e-09
1.641902392348501193e-09
1.640847959495256857e-09
1.639795010096748249e-09
1.638743157101856177e-09
1.637692014461935699e-09
1.636642366816124392e-09
1.635593827865540702e-09
1.634546012310624523e-09
1.633499701752853726e-09
1.632454502949952164e-09
1.631410022117141419e-09
1.630367031668411126e-09
1.629325137570352847e-09
1.628284334688332885e-09
1.627244230229545806e-09
1.626205594623061274e-09
1.625168034828484635e-09
1.624131158794285670e-09
1.623095735466267685e-09
1.622061372546080933e-09
1.621027678721183674e-09
1.619995422648798644e-09
1.618964218720848875e-09
1.617933683502151471e-09
1.616904590126270201e-09
1.615876554912697151e-09
1.614849579867469590e-09
1.613823282534160086e-09
1.612798434087786059e-09
1.611774651827602770e-09
1.610751554028593877e-09
1.609729910402175209e-09
1.608709338979774951e-09
1.607689458765489320e-09
1.606671036455421345e-09
1.605653683029387059e-09
1.604637391155622092e-09
1.603621771469037112e-09
1.602607580946064338e-09
1.601594429979858911e-09
1.600581929929178847e-09
1.599570836322094339e-09
1.598560760276350065e-09
1.597551313872352332e-09
1.596543251194219419e-09
1.595536184082073246e-09
1.594530105204222855e-09
1.593524629874164572e-09
1.592520521628574529e-09
1.591517406912728629e-09
1.590515292040299206e-09
1.589513804650964438e-09
1.588513708644532126e-09
1.587514631422259286e-09
1.586516201337569916e-09
1.585519180861987326e-09
1.584523198111244338e-09
1.583528259398967583e-09
1.582533994026799495e-09
1.581541162568754486e-09
1.580549391640305005e-09
1.579558675307718285e-09
1.578568629120052664e-09
1.577579997065054252e-09
1.576592394456116391e-09
1.575605437547895923e-09
1.574619868916289304e-09
1.573635304581024571e-09
1.572651736158959983e-09
1.571668780842184796e-09
1.570687179330887949e-09
1.569706548583182389e-09
1.568726880215960085e-09
1.567747794144466417e-09
1.566770038147943984e-09
1.565793240855840959e-09
1.564817404621784589e-09
1.563842159238304542e-09
1.562868252413148541e-09
1.561895313706681264e-09
1.560923345472521273e-09
1.559951978429519961e-09
1.558981958431826209e-09
1.558012915967049759e-09
1.557044853388800696e-09
1.556077402338537060e-09
1.555111305857818495e-09
1.554146190525738254e-09
1.553182052897432780e-09
1.552218519734773703e-09
1.551256327408579900e-09
1.550295102451359880e-09
1.549334841418263113e-09
1.548375171986359029e-09
1.547416828695198437e-09
1.546459438993406643e-09
1.545502999436146352e-09
1.544547138612036308e-09
1.543592589236667598e-09
1.542638980512576079e-09
1.541686313202215895e-09
1.540734588909496871e-09
1.539783442406134659e-09
1.538833609186615419e-09
1.537884723796228792e-09
1.536936787838877780e-09
1.535989436989705677e-09
1.535043404935419192e-09
1.534098327125639717e-09
1.533154205164262396e-09
1.532211040655182576e-09
1.531268470397720469e-09
1.530327224687878464e-09
1.529386934394663773e-09
1.528447594274853738e-09
1.527508835175910413e-09
1.526571379896516788e-09
1.525634859060671038e-09
1.524699267425173461e-09
1.523764599746828280e-09
1.522830487987159702e-09
1.521897652715703602e-09
1.520965725671627079e-09
1.520034701611757310e-09
1.519104575292923956e-09
1.518174981137114431e-09
1.517246644254798728e-09
1.516319205605852792e-09
1.515392668058127730e-09
1.514467034479471752e-09
1.513541947154292858e-09
1.512618130337311058e-09
1.511695226092709714e-09
1.510773237288324423e-09
1.509851807087256261e-09
1.508931657985932700e-09
1.508012432928099133e-09
1.507094134781580611e-09
1.506176765129054265e-09
1.505260320412620240e-09
1.504344437395971870e-09
1.503429828240410974e-09
1.502516129491613994e-09
1.501603336306554249e-09
1.500691443842210641e-09
1.499780089949194518e-09
1.498869984613971611e-09
1.497960765470215225e-09
1.497052427674922461e-09
1.496144966385096002e-09
1.495238020532962155e-09
1.494332298871763547e-09
1.493427444772716590e-09
1.492523458978692958e-09
1.491620342232565363e-09
1.490718095277205480e-09
1.489816363921763216e-09
1.488915858991000154e-09
1.488016226079406627e-09
1.487117465929850795e-09
1.486219579285199993e-09
1.485322213024782072e-09
1.484426075831953239e-09
1.483530814372419678e-09
1.482636428971895955e-09
1.481742918287495705e-09
1.480850280559184760e-09
1.479958161440736040e-09
1.479067264556669716e-09
1.478177235348392907e-09
1.477288072055876823e-09
1.476399772919096805e-09
1.475512336178027786e-09
1.474625408756346283e-09
1.473739691737564619e-09
1.472854831834228697e-09
1.471970827286320481e-09
1.471087676485653207e-09
1.470205378431356533e-09
1.469323582220615647e-09
1.468442987321645455e-09
1.467563242621720626e-09
1.466684347271802092e-09
1.465806300422851407e-09
1.464929101225830950e-09
1.464052748831704758e-09
1.463176893801395471e-09
1.462302232674248051e-09
1.461428415802688683e-09
1.460555442337684091e-09
1.459683311361221164e-09
1.458812021679364986e-09
1.457941224685936696e-09
1.457071614011648283e-09
1.456202840843027565e-09
1.455334903917164755e-09
1.454467801971150271e-09
1.453601533742076600e-09
1.452736097967036438e-09
1.451871147485349459e-09
1.451007373035366561e-09
1.450144427250506863e-09
1.449282308867868849e-09
1.448421016719299165e-09
1.447560550015632972e-09
1.446700908062454628e-09
1.445841745703378001e-09
1.444983751372258168e-09
1.444126579708184661e-09
1.443270230016744526e-09
1.442414701603524602e-09
1.441559993774112554e-09
1.440706105834097497e-09
1.439853037089067717e-09
1.439000444011801972e-09
1.438149011776280385e-09
1.437298396486134376e-09
1.436448596616020974e-09
1.435599610474412075e-09
1.434751436369780608e-09
1.433904072610601985e-09
1.433057517505353065e-09
1.432211428146408313e-09
1.431366485475675533e-09
1.430522346384120018e-09
1.429679009180226070e-09
1.428836472172477581e-09
1.427994733669361954e-09
1.427153791979366802e-09
1.426313645385220093e-09
1.425473952454933565e-09
1.424635390765458973e-09
1.423797618659159388e-09
1.422960634289956074e-09
1.422124435811771741e-09
1.421289021378531789e-09
1.420454389144162857e-09
1.419620537262592620e-09
1.418787463887751645e-09
1.417954829352491762e-09
1.417123307650932816e-09
1.416292558917719064e-09
1.415462581860180208e-09
1.414633377399208358e-09
1.413804947009086074e-09
1.412977292164093431e-09
1.412150414338510919e-09
1.411324315006615514e-09
1.410498659597201574e-09
1.409674121871873230e-09
1.408850367062871011e-09
1.408027396644468169e-09
1.407205212090935062e-09
1.406383814876540391e-09
1.405563206475552655e-09
1.404743387544538604e-09
1.403924355469267533e-09
1.403106106817811335e-09
1.402288304067970441e-09
1.401471612162869738e-09
1.400655693385636218e-09
1.399840544304357695e-09
1.399026161487123020e-09
1.398212541502024559e-09
1.397399680917159432e-09
1.396587576300626416e-09
1.395776224220528630e-09
1.394965621244971675e-09
1.394155764644139793e-09
1.393346322535690215e-09
1.392537959814350522e-09
1.391730345107162590e-09
1.390923479194684856e-09
1.390117362857474518e-09
1.389311996876088775e-09
1.388507382031083169e-09
1.387703519103013451e-09
1.386900408872434543e-09
1.386098052119899714e-09
1.385296449625962440e-09
1.384495602171174541e-09
1.383695510089884283e-09
1.382895842459491197e-09
1.382097256517767534e-09
1.381299420705551436e-09
1.380502333126174833e-09
1.379705991882971311e-09
1.378910395079277351e-09
1.378115540818430260e-09
1.377321427203769413e-09
1.376528052338636048e-09
1.375735414326373468e-09
1.374943511270326012e-09
1.374152341273840707e-09
1.373361902659381003e-09
1.372572194625869004e-09
1.371782889765685420e-09
1.370994641335909127e-09
1.370207121741025723e-09
1.369420330399075597e-09
1.368634266728099965e-09
1.367848930146140663e-09
1.367064320071238908e-09
1.366280435921438810e-09
1.365497277114782826e-09
1.364714843069314861e-09
1.363933133203079232e-09
1.363152146701480466e-09
1.362371881819359377e-09
1.361592336578918641e-09
1.360813509002361969e-09
1.360035397111895967e-09
1.359257998929727861e-09
1.358480988820182275e-09
1.357705012306040747e-09
1.356929743566663904e-09
1.356155180624267452e-09
1.355381321501069163e-09
1.354608164219288878e-09
1.353835706801147885e-09
1.353063947898274164e-09
1.352292888679912533e-09
1.351522530944712227e-09
1.350752876491318343e-09
1.349983927118377015e-09
1.349215684624530653e-09
1.348448150808420426e-09
1.347681327468687091e-09
1.346915216403967266e-09
1.346149819412897780e-09
1.345385138294113390e-09
1.344621174846245961e-09
1.343857930867927769e-09
1.343095407315399249e-09
1.342333601775351244e-09
1.341572510992087303e-09
1.340811812259881880e-09
1.340052141404029240e-09
1.339293175537725107e-09
1.338534911405287715e-09
1.337777345751037570e-09
1.337020475319298693e-09
1.336264296854398002e-09
1.335508807100665929e-09
1.334754002802435390e-09
1.333999880704042606e-09
1.333246437974667486e-09
1.332493673482849168e-09
1.331741586521969854e-09
1.330990176385410300e-09
1.330239442366552914e-09
1.329489383758780726e-09
1.328739999855477179e-09
1.327991289950026958e-09
1.327243253335814953e-09
1.326495889306226469e-09
1.325749197154647845e-09
1.325003176174466658e-09
1.324257825659069662e-09
1.323513145102227077e-09
1.322769134799233284e-09
1.322025795245763443e-09
1.321283126937493335e-09
1.320541130370096881e-09
1.319799806039248414e-09
1.319059154440621026e-09
1.318319176069889051e-09
1.317579871422723515e-09
1.316841240994797717e-09
1.316103285281783302e-09
1.315366004779350674e-09
1.314629399983171479e-09
1.313893470873830961e-09
1.313158215371575168e-09
1.312423630881567885e-09
1.311689714808976408e-09
1.310956464558968866e-09
1.310223877536716278e-09
1.309491951147392355e-09
1.308760682796174321e-09
1.308030069888240022e-09
1.307300109828770406e-09
1.306570800022949520e-09
1.305842137875964104e-09
1.305114120793001307e-09
1.304386746994866358e-09
1.303660017964815895e-09
1.302933936001719465e-09
1.302208503404442272e-09
1.301483722471849312e-09
1.300759595502802479e-09
1.300036124796161599e-09
1.299313312650784639e-09
1.298591161365526048e-09
1.297869673239240276e-09
1.297148850570777637e-09
1.296428695658987204e-09
1.295709210802715776e-09
1.294990397059807001e-09
1.294272250524101649e-09
1.293554766048443955e-09
1.292837938485683119e-09
1.292121762688673098e-09
1.291406233510273017e-09
1.290691345803345932e-09
1.289977094420761927e-09
1.289263474215394191e-09
1.288550480040120462e-09
1.287838106747825507e-09
1.287126349191397404e-09
1.286415202223728779e-09
1.285704662130888491e-09
1.284994730931628816e-09
1.284285412077868954e-09
1.283576709021525833e-09
1.282868625214512038e-09
1.282161164108737462e-09
1.281454329156108902e-09
1.280748123808529221e-09
1.280042551517898182e-09
1.279337615736113274e-09
1.278633319915066813e-09
1.277929667506649259e-09
1.277226661962747758e-09
1.276524305405709653e-09
1.275822594639740845e-09
1.275121525139513841e-09
1.274421092379705901e-09
1.273721291835000079e-09
1.273022118980081495e-09
1.272323569289640852e-09
1.271625638238373610e-09
1.270928321300978125e-09
1.270231613952158335e-09
1.269535511666621694e-09
1.268840009919080206e-09
1.268145104184250631e-09
1.267451093109963665e-09
1.266757374018644779e-09
1.266064251694290660e-09
1.265371728776592014e-09
1.264679807905239133e-09
1.263988491719918380e-09
1.263297782860314051e-09
1.262607683966108578e-09
1.261918197676980882e-09
1.261229326632607811e-09
1.260541073472664149e-09
1.259853440836821369e-09
1.259166431364748672e-09
1.258480046697759747e-09
1.257794284483754530e-09
1.257109141372283444e-09
1.256424614012899187e-09
1.255740699055157354e-09
1.255057393148617467e-09
1.254374692942842358e-09
1.253692595087397753e-09
1.253011096231852067e-09
1.252330193025777851e-09
1.251649882118749518e-09
1.250970458214303643e-09
1.250291321692368435e-09
1.249612768254972876e-09
1.248934798734746632e-09
1.248257414800928803e-09
1.247580618122755805e-09
1.246904410369463018e-09
1.246228793210283753e-09
1.245553768314450910e-09
1.244879337351193457e-09
1.244205501989741398e-09
1.243532263899321842e-09
1.242859624749159828e-09
1.242187586208480191e-09
1.241516149946504868e-09
1.240845316858723047e-09
1.240175084745695601e-09
1.239505450634253960e-09
1.238836706715419085e-09
1.238168259528461948e-09
1.237500401423741658e-09
1.236833129428101638e-09
1.236166440568386141e-09
1.235500331871442726e-09
1.234834800364122677e-09
1.234169843073278517e-09
1.233505457025767318e-09
1.232841639248447808e-09
1.232178387231070432e-09
