5.263480489924085351e-08
6.391124689129147888e-08
7.359212273328937343e-08
8.199190276570207363e-08
8.931536127569927366e-08
9.575811137474803078e-08
1.014595056935319038e-07
1.065350353361243542e-07
1.110550941733297625e-07
1.151175116757226233e-07
1.187273167323305611e-07
1.219919864815319574e-07
1.249003666681269537e-07
1.275294013568991873e-07
1.298919674705674817e-07
1.319892607285302537e-07
1.338833543073926196e-07
1.355788639253978467e-07
1.370792866978718858e-07
1.384106776179582078e-07
1.395960867569297603e-07
1.406416787732288684e-07
1.415533844218045807e-07
1.423488046055986498e-07
1.430229928289254942e-07
1.436029436349932016e-07
1.440891761027486341e-07
1.444844273091752304e-07
1.448022706125083196e-07
1.450304396289439597e-07
1.451971660759671753e-07
1.452993619989677837e-07
1.453415828134929021e-07
1.453279448243057279e-07
1.452586731628766493e-07
1.451366168684957774e-07
1.449706266038348077e-07
1.447641590683199896e-07
1.445188415503687672e-07
1.442365222913047251e-07
1.439194036338575309e-07
1.435695630615163344e-07
1.431882453285372797e-07
1.427771558992222090e-07
1.423401932288081379e-07
1.418812395508495785e-07
1.414008863592378631e-07
1.408992482178371768e-07
1.403779324262935303e-07
1.398385821309143995e-07
1.392813870865430396e-07
1.387070186842416967e-07
1.381183558804862856e-07
1.375182763007512203e-07
1.369071659039865287e-07
1.362847880406036139e-07
1.356515973117253001e-07
1.350083669000466396e-07
1.343562700535523500e-07
1.336965508866691838e-07
1.330298598501786014e-07
1.323567374103400531e-07
1.316776321247818082e-07
1.309931604515054980e-07
1.303038229761797592e-07
1.296102216655604941e-07
1.289129344275519865e-07
1.282125541179809244e-07
1.275096735155320581e-07
1.268048438213866317e-07
1.260983909958338792e-07
1.253905850784779907e-07
1.246817255386892237e-07
1.239720110229615347e-07
1.232617893178672298e-07
1.225513800004693344e-07
1.218410357287402237e-07
1.211311093430731189e-07
1.204219111422788896e-07
1.197137240114705604e-07
1.190068761207112096e-07
1.183015675512519277e-07
1.175979189443033379e-07
1.168961887124613260e-07
1.161964713858955234e-07
1.154989983565128986e-07
1.148039064146978846e-07
1.141113326051359631e-07
1.134213739172455167e-07
1.127341147297951026e-07
1.120496664132190347e-07
1.113681275798117135e-07
1.106896361453426716e-07
1.100142526048530946e-07
1.093421282871025868e-07
1.086733630975875159e-07
1.080080574996194111e-07
1.073463250562038140e-07
1.066882920573050174e-07
1.060340456673358202e-07
1.053836040979487778e-07
1.047370578941206355e-07
1.040943869022900444e-07
1.034556329683579880e-07
1.028208259422427644e-07
1.021899959956498928e-07
1.015631855059140424e-07
1.009404486991147761e-07
1.003217690859186008e-07
9.970722501513503913e-08
9.909682439763605761e-08
9.849061061966051143e-08
9.788862059476743288e-08
9.729085386311923146e-08
9.669732644960523425e-08
9.610800910969014028e-08
9.552288465667066065e-08
9.494200326656549213e-08
9.436532559062700754e-08
9.379285737952872481e-08
9.322462629574688311e-08
9.266059431820461052e-08
9.210080013527245978e-08
9.154521726722732411e-08
9.099384139777929117e-08
9.044670820831156918e-08
8.990377835327175100e-08
8.936504200258559453e-08
8.883048937269863506e-08
8.830010035916599957e-08
8.777386545297354222e-08
8.725177518859386808e-08
8.673383033075845776e-08
8.621998081239800235e-08
8.571024803483553112e-08
8.520460268181050187e-08
8.470302589576408832e-08
8.420553866714515695e-08
8.371209864456852823e-08
8.322267889170702670e-08
8.273724885125377326e-08
8.225577800880204300e-08
8.177822627773651038e-08
8.130456339262779142e-08
8.083477813839599618e-08
8.036880219734253639e-08
7.990664333668975081e-08
7.944822440151658255e-08
7.899355296484661623e-08
7.854258035247138903e-08
7.809525834432893340e-08
7.765159555875213871e-08
7.721152433638944435e-08
7.677506095475901127e-08
7.634216700027275114e-08
7.591282236091094738e-08
7.548698918027529871e-08
7.506469187965187662e-08
7.464585725917548822e-08
7.423048323083789424e-08
7.381856734359479742e-08
7.341005492240449745e-08
7.300494366011903641e-08
7.260321379334135193e-08
7.220484392731720818e-08
7.180979761278439480e-08
7.141804536678939580e-08
7.102957446617050973e-08
7.064432191321977773e-08
7.026227512177705573e-08
6.988341293690556838e-08
6.950768128753815557e-08
6.913506738583063597e-08
6.876555001323859950e-08
6.839908361681264720e-08
6.803562300613198599e-08
6.767517121193273925e-08
6.731768355449386238e-08
6.696311793325351925e-08
6.661148027224505233e-08
6.626271335484615634e-08
6.591680726762558717e-08
6.557374405819766168e-08
6.523348255382170678e-08
6.489598956952220365e-08
6.456126255030018222e-08
6.422924545821059999e-08
6.389994318865369411e-08
6.357331504203628713e-08
6.324932063955369147e-08
6.292797228721809632e-08
6.260919452246110929e-08
6.229300888641067840e-08
6.197938485459039223e-08
6.166826295686054037e-08
6.135966410935696981e-08
6.105354352969748835e-08
6.074987838681210628e-08
6.044864586088950317e-08
6.014982314327297517e-08
5.985340156627150106e-08
5.955933001465638658e-08
5.926761390478069306e-08
5.897820182779198008e-08
5.869108213987727284e-08
5.840624234859070329e-08
5.812362853178488544e-08
5.784322828564620832e-08
5.756501535901833702e-08
5.728894998125491102e-08
5.701503978004536038e-08
5.674321804081345269e-08
5.647347884837461338e-08
5.620579600249540703e-08
5.594013670580875893e-08
5.567647487080802449e-08
5.541479972892756572e-08
5.515507005940667134e-08
5.489729274855308410e-08
5.464146141612388515e-08
5.438753744289943132e-08
5.413552106635569950e-08
5.388539955956691942e-08
5.363717287669555240e-08
5.339080289450901940e-08
5.314628963701431863e-08
5.290362040066115542e-08
5.266278248763542163e-08
5.242376940122583144e-08
5.218654857912269695e-08
5.195112561904615136e-08
5.171746160664652928e-08
5.148553013377273821e-08
5.125532308090442982e-08
5.102682608665305377e-08
5.080000066947650947e-08
5.057483856543740895e-08
5.035132535245212300e-08
5.012942873135329620e-08
4.990912251754143173e-08
4.969039825874338409e-08
4.947322975443933473e-08
4.925760945534985894e-08
4.904349910851801124e-08
4.883090813041273233e-08
4.861980529794561464e-08
4.841018831260357912e-08
4.820203758247499669e-08
4.799533929350573678e-08
4.779009093920396438e-08
4.758625605756824581e-08
4.738384340613849644e-08
4.718281672171107489e-08
4.698318457899800388e-08
4.678491091085356067e-08
4.658799327522429905e-08
4.639242978836601319e-08
4.619818578269639818e-08
4.600527049687593988e-08
4.581364945249344406e-08
4.562333171351722887e-08
4.543428298814956829e-08
4.524650146162094347e-08
4.505997448275861918e-08
4.487469471304654750e-08
4.469063886702958531e-08
4.450779963421842332e-08
4.432615388591002755e-08
4.414571018863727865e-08
4.396643586975749238e-08
4.378832986659791650e-08
4.361139611231973829e-08
4.343558175121120830e-08
4.326091138689661300e-08
4.308736315594809010e-08
4.291491536146649292e-08
4.274357176531817769e-08
4.257331069555340615e-08
4.240411566188608417e-08
4.223599525142173599e-08
4.206891790100545756e-08
4.190288783973113459e-08
4.173787750005368592e-08
4.157390467354921905e-08
4.141094755051732375e-08
4.124899920292671792e-08
4.108804783987585186e-08
4.092809628336094124e-08
4.076914237969012031e-08
4.061116947847167653e-08
4.045416586947169288e-08
4.029813900238130995e-08
4.014307234333976994e-08
3.998895424114202168e-08
3.983579070930473430e-08
3.968354954982803018e-08
3.953223970700141374e-08
3.938183246419584725e-08
3.923230396565740763e-08
3.908365826752792958e-08
3.893587148264749356e-08
3.878892445896678080e-08
3.864281642080961928e-08
3.849752359187672775e-08
3.835303141954458328e-08
3.820931630223325014e-08
3.806638633461274466e-08
3.792421601079935775e-08
3.778279517494801704e-08
3.764214322374475532e-08
3.750225263698014660e-08
3.736312487844675389e-08
3.722475259353148866e-08
3.708716370328317323e-08
3.695032446213234244e-08
3.681425833364432990e-08
3.667897108040850791e-08
3.654445541480953310e-08
3.641070417681584394e-08
3.627773611911446900e-08
3.614554207642003161e-08
3.601410511085840603e-08
3.588343194256209681e-08
3.575349515858318084e-08
3.562430135846562895e-08
3.549582325437475618e-08
3.536806732660212791e-08
3.524100641101219571e-08
3.511464686994118501e-08
3.498896580749863265e-08
3.486395703156043097e-08
3.473961017558918896e-08
3.461591487425547722e-08
3.449286202134215870e-08
3.437043939731219290e-08
3.424866050792659765e-08
3.412750627532262754e-08
3.400699009165704298e-08
3.388709701062504773e-08
3.376782826395164581e-08
3.364918103963895871e-08
3.353115252631292789e-08
3.341373199288009042e-08
3.329693249743809290e-08
3.318074328242794783e-08
3.306515761988617886e-08
3.295016830865305661e-08
3.283578554953508212e-08
3.272198777188192029e-08
3.260878454208521927e-08
3.249615825042093594e-08
3.238410680223748548e-08
3.227262422509563063e-08
3.216170073486782932e-08
3.205133419917001782e-08
3.194151864767646488e-08
3.183224056364333158e-08
3.172350909826855951e-08
3.161530696252784223e-08
3.150762462508774881e-08
3.140047175134259413e-08
3.129383196809767025e-08
3.118770384394850560e-08
3.108207484277379139e-08
3.097695823689161669e-08
3.087232312804472043e-08
3.076818638787862880e-08
3.066453187176642480e-08
3.056135807689859398e-08
3.045865984080812409e-08
3.035642840226768741e-08
3.025466222348530876e-08
3.015335002540797531e-08
3.005250969941464933e-08
2.995211731214739393e-08
2.985219527997201775e-08
2.975273398335064400e-08
2.965373800962584908e-08
2.955520138518339889e-08
2.945713569534088758e-08
2.935953846000368291e-08
2.926240377535459429e-08
2.916574312312491638e-08
2.906955750603747331e-08
2.897383074680309919e-08
2.887858363503208791e-08
2.878380223834424648e-08
2.868948543708334617e-08
2.859562189313516226e-08
2.850221725929436348e-08
2.840926694819978504e-08
2.831674958082475991e-08
2.822468082046105736e-08
2.813304603865849699e-08
2.804183738947416146e-08
2.795106364661418222e-08
2.786071028051376131e-08
2.777077277224574261e-08
2.768125014230693014e-08
2.759213257368500153e-08
2.750342690150240180e-08
2.741512357563973677e-08
2.732722285456422663e-08
2.723972172427682125e-08
2.715261395024628165e-08
2.706589655006374079e-08
2.697956334095697997e-08
2.689362413267550703e-08
2.680806631138486118e-08
2.672288689551906913e-08
2.663808606380107690e-08
2.655365447213952609e-08
2.646959842737267618e-08
2.638591469396451945e-08
2.630258443458236724e-08
2.621962322622584555e-08
2.613701230080107479e-08
2.605476708874528223e-08
2.597286580959607657e-08
2.589130841852329607e-08
2.581010401877172669e-08
2.572924019152959652e-08
2.564871376267207362e-08
2.556852459192807663e-08
2.548867019495919267e-08
2.540914191445191731e-08
2.532995897302874315e-08
2.525110441484160455e-08
2.517258241604216449e-08
2.509440604823786456e-08
2.501656745633552210e-08
2.493906777373748302e-08
2.486191403411680985e-08
2.478509261089515285e-08
2.470862231115621153e-08
2.463249541787071856e-08
2.455671306444096692e-08
2.448127570915650509e-08
2.440618400631990412e-08
2.433143501248903857e-08
2.425702290595989830e-08
2.418294477029237855e-08
2.410919768916500221e-08
2.403578159882897115e-08
2.396269355726389812e-08
2.388992211719260244e-08
2.381748137420198243e-08
2.374535140157926784e-08
2.367353214473362197e-08
2.360203191835060857e-08
2.353083953443622128e-08
2.345995298436465642e-08
2.338937044082710798e-08
2.331909561193230791e-08
2.324911282386731536e-08
2.317943683084512390e-08
2.311005750303053494e-08
2.304097301367750652e-08
2.297218153610906297e-08
2.290368396224220903e-08
2.283547302041777310e-08
2.276755501563123821e-08
2.269992268463478755e-08
2.263257406500794378e-08
2.256550664924812336e-08
2.249872046426494098e-08
2.243220751737431692e-08
2.236597315338046261e-08
2.230000938785719791e-08
2.223431357768735535e-08
2.216888307984885687e-08
2.210371787527707531e-08
2.203881006573415267e-08
2.197416485711737884e-08
2.190977435924145935e-08
2.184563592973832484e-08
2.178174774103187084e-08
2.171811638082794562e-08
2.165473119639244832e-08
2.159160988047079722e-08
2.152874694430468114e-08
2.146614463373280411e-08
2.140380519451685635e-08
2.134173087234150433e-08
2.127992896552949774e-08
2.121838908053957199e-08
2.115712859921448291e-08
2.109614218805247598e-08
2.103543209254954107e-08
2.097499946240806144e-08
2.091484106445349770e-08
2.085495256991802382e-08
2.079533211916834260e-08
2.073597536264169123e-08
2.067687549613492793e-08
2.061802329563534068e-08
2.055942912126314596e-08
2.050107395728809878e-08
2.044295837211287268e-08
2.038508045870032562e-08
2.032743104207058368e-08
2.027001303590733768e-08
2.021281815651200039e-08
2.015584649717754163e-08
2.009909903519842300e-08
2.004258150756683332e-08
1.998628535872646618e-08
1.993021870555279300e-08
1.987437778548695185e-08
1.981877065559164582e-08
1.976339356002174500e-08
1.970824747602046550e-08
1.965333338080112583e-08
1.959865690613681043e-08
1.954420970710620791e-08
1.948999896955831168e-08
1.943601716917547677e-08
1.938226756792643609e-08
1.932874187501385090e-08
1.927543642860174402e-08
1.922234756696185044e-08
1.916947162847359080e-08
1.911680949207965519e-08
1.906434613902256369e-08
1.901209151080309741e-08
1.896003513568927528e-08
1.890817335273671826e-08
1.885649802231434531e-08
1.880502014004374407e-08
1.875372870877475006e-08
1.870263186641862995e-08
1.865173327199129707e-08
1.860103879353934691e-08
1.855055207192738555e-08
1.850027015646967684e-08
1.845020550657055114e-08
1.840035737456962323e-08
1.835072941901408288e-08
1.830132529835016083e-08
1.825215300653217851e-08
1.820320751898979633e-08
1.815449695657426977e-08
1.810601045528226719e-08
1.805774588029606352e-08
1.800969033316178922e-08
1.796183522812462659e-08
1.791417197965806309e-08
1.786669200246391780e-08
1.781938671147231826e-08
1.777224752184170712e-08
1.772527005972186941e-08
1.767843520827159202e-08
1.763174699902683598e-08
1.758519053200928357e-08
1.753875589891159148e-08
1.749245706965057841e-08
1.744629833416159677e-08
1.740028815973069333e-08
1.735443913630911658e-08
1.730875147415560687e-08
1.726323777365558806e-08
1.721790854649048990e-08
1.717276816298749235e-08
1.712783120894250935e-08
1.708310205974380226e-08
1.703858918109564007e-08
1.699430103849305147e-08
1.695024362703766669e-08
1.690641306100755988e-08
1.686280298462312626e-08
1.681940704226170037e-08
1.677622286429606314e-08
1.673323412572687400e-08
1.669044641370422472e-08
1.664784739461035805e-08
1.660542676838077544e-08
1.656318608118082604e-08
1.652111502319485552e-08
1.647920724016799450e-08
1.643745637799625467e-08
1.639585726509709011e-08
1.635441334531833042e-08
1.631311757752503589e-08
1.627197846405127634e-08
1.623098707458529828e-08
1.619015573385118508e-08
1.614947554550957371e-08
1.610895493409536514e-08
1.606859079305971486e-08
1.602838386275239577e-08
1.598833488350621696e-08
1.594844459563704683e-08
1.590871373944380983e-08
1.586914651425571677e-08
1.582973455055276913e-08
1.579048049823520396e-08
1.575138509848177142e-08
1.571244347353934860e-08
1.567366009373917692e-08
1.563503008610481696e-08
1.559655232057883274e-08
1.555822197003131990e-08
1.552004530770010080e-08
1.548201749741754201e-08
1.544414107927246139e-08
1.540640757428942332e-08
1.536881962829509482e-08
1.533137659493705350e-08
1.529408155905003736e-08
1.525692488044218109e-08
1.521991689974221242e-08
1.518305161575531668e-08
1.514632487956682381e-08
1.510974334924254183e-08
1.507330286718266896e-08
1.503700288393846548e-08
1.500084285007264978e-08
1.496482221615938180e-08
1.492894043278426967e-08
1.489319692600544142e-08
1.485759455470115898e-08
1.482212555192412447e-08
1.478679276048566862e-08
1.475159723671858311e-08
1.471653477407203128e-08
1.468160992231090087e-08
1.464681847916565015e-08
1.461215627544879033e-08
1.457762956845220920e-08
1.454323418079661179e-08
1.450896941609530973e-08
1.447483457797546168e-08
1.444082898629260825e-08
1.440695202577347797e-08
1.437320651345960206e-08
1.433958501016595684e-08
1.430609034096181339e-08
1.427272529909287728e-08
1.423948080097605531e-08
1.420636641261279964e-08
1.417337307803785387e-08
1.414050694355813563e-08
1.410776403379147338e-08
1.407514374988533355e-08
1.404264215531272762e-08
1.401026533993143228e-08
1.397800938771084980e-08
1.394587373366173027e-08
1.391386111994447942e-08
1.388196435974761964e-08
1.385018620284685266e-08
1.381852608429562932e-08
1.378698671620225172e-08
1.375556097209925245e-08
1.372425320267979452e-08
1.369305957717696332e-08
1.366198441288537638e-08
1.363102064279243343e-08
1.360017418907537797e-08
1.356944123733059715e-08
1.353882122011137681e-08
1.350831356998122511e-08
1.347791451578535815e-08
1.344762990474904923e-08
1.341745914791365553e-08
1.338739529197935534e-08
1.335744096610502375e-08
1.332759560291551596e-08
1.329785863504589616e-08
1.326823264912639037e-08
1.323871076283924922e-08
1.320929558050722842e-08
1.317998815454784224e-08
1.315078797111408872e-08
1.312168983761342316e-08
1.309269949600059366e-08
1.306381331679910395e-08
1.303502769800436009e-08
1.300634834040253123e-08
1.297777163517749382e-08
1.294929707900981162e-08
1.292092416858864112e-08
1.289265240061174316e-08
1.286448127178545476e-08
1.283641028342051295e-08
1.280843895521930758e-08
1.278056984977453848e-08
1.275279640823840099e-08
1.272512119983267663e-08
1.269754676747552474e-08
1.267006659181052814e-08
1.264268472510032241e-08
1.261539768289206381e-08
1.258820948822744367e-08
1.256111665997486752e-08
1.253411574277113589e-08
1.250721222707420932e-08
1.248040265228813218e-08
1.245368654867310011e-08
1.242706344765498325e-08
1.240053288066719229e-08
1.237409437915071329e-08
1.234774747455406125e-08
1.232149169833334143e-08
1.229532658195219302e-08
1.226925165688181897e-08
1.224326645460097932e-08
1.221737341124498877e-08
1.219156624288585212e-08
1.216584739181881536e-08
1.214021928554441523e-08
1.211467572509491491e-08
1.208922062944353602e-08
1.206385071078073765e-08
1.203856986090928028e-08
1.201337479510404216e-08
1.198826225260448198e-08
1.196323752943440212e-08
1.193829735888671110e-08
1.191344133049937565e-08
1.188866903381659778e-08
1.186398005838881147e-08
1.183937117882775822e-08
1.181484762186277863e-08
1.179040896688548817e-08
1.176604919978074924e-08
1.174177072799398881e-08
1.171757314985187498e-08
1.169345606368719035e-08
1.166942184244890288e-08
1.164546452957605478e-08
1.162158650373435848e-08
1.159779012089009891e-08
1.157406945855842727e-08
1.155042825155020849e-08
1.152686334907586211e-08
1.150337846830526165e-08
1.147996776965222618e-08
1.145663636197586003e-08
1.143338115410989529e-08
1.141019907700876952e-08
1.138709520637376103e-08
1.136406646766769335e-08
1.134111250494623887e-08
1.131823296227012901e-08
1.129542748370517077e-08
1.127269571332223680e-08
1.125003729519726376e-08
1.122745187341125396e-08
1.120493909249940962e-08
1.118249859879847112e-08
1.116013003909934898e-08
1.113783306019797138e-08
1.111560995205658837e-08
1.109345506989985700e-08
1.107137070897557574e-08
1.104935914353481229e-08
1.102741476031951731e-08
1.100554245585008432e-08
1.098373533178459961e-08
1.096200087832149645e-08
1.094033221524458701e-08
1.091873420534750727e-08
1.089720392714061519e-08
1.087573848727736687e-08
1.085434275615869055e-08
1.083301383535109829e-08
1.081174884671063323e-08
1.079055263022264523e-08
1.076942230270380126e-08
1.074835755705356464e-08
1.072735808617547836e-08
1.070642358297717497e-08
1.068555374037036008e-08
1.066474825127082391e-08
1.064400681098353056e-08
1.062332912435782132e-08
1.060271489863204923e-08
1.058216635757644434e-08
1.056167817051722382e-08
1.054125256611116239e-08
1.052088925161208963e-08
1.050059043143896885e-08
1.048035081372603113e-08
1.046017509528548436e-08
1.044005800347886669e-08
1.042000173793564660e-08
1.040000724257369520e-08
1.038007175384433498e-08
1.036019870596920523e-08
1.034038536190804895e-08
1.032062900346968627e-08
1.030093428044991507e-08
1.028129846997389838e-08
1.026171886784700245e-08
1.024220009585967574e-08
1.022273944517556382e-08
1.020333665205899256e-08
1.018399145277753534e-08
1.016470358360202465e-08
1.014547278080655372e-08
1.012629878213775111e-08
1.010718133122261282e-08
1.008812017316058085e-08
1.006911505305424379e-08
1.005016571600933352e-08
1.003127190713472356e-08
1.001243337154244229e-08
9.993649854347666337e-09
9.974923473021402166e-09
9.956249223545707693e-09
9.937629227844772458e-09
9.919063231046294953e-09
9.900553332974799404e-09
9.882094569872471530e-09
9.863691416298334088e-09
9.845338950423979196e-09
9.827041634211254703e-09
9.808793396815136934e-09
9.790601017887650042e-09
9.772458441753443875e-09
9.754370095723682743e-09
9.736331109978698242e-09
9.718345894652901845e-09
9.700411904233614384e-09
9.682526610270621295e-09
9.664694397316479895e-09
9.646912735630385264e-09
9.629181414446543617e-09
9.611500225952518554e-09
9.593866680470461224e-09
9.576285138103456924e-09
9.558753104991429973e-09
9.541270373331468128e-09
9.523836735323031501e-09
9.506451983167932708e-09
9.489115909070371604e-09
9.471828305236903858e-09
9.454588963876454183e-09
9.437399921910158720e-09
9.420256481393847651e-09
9.403160700001202555e-09
9.386112389948718175e-09
9.369111363455020076e-09
9.352159657207330955e-09
9.335252630480574905e-09
9.318392323992430355e-09
9.301580762424420594e-09
9.284813329115114917e-09
9.268092052743236374e-09
9.251418946083605820e-09
9.234789416340036826e-09
9.218207672905361802e-09
9.201668044933648955e-09
9.185176919313488738e-09
9.168728641510697921e-09
9.152327392577949870e-09
9.135970803059276712e-09
9.119656519061746534e-09
9.103388698302372610e-09
9.087164983017727481e-09
9.070983030880986740e-09
9.054846976463161199e-09
9.038754473598345572e-09
9.022705337653313917e-09
9.006697241577537279e-09
8.990734294883838857e-09
8.974814194284873122e-09
8.958936788228074129e-09
8.943101925162455848e-09
8.927309453538625399e-09
8.911559221808753272e-09
8.895851078426611380e-09
8.880184871847541624e-09
8.864560450528479056e-09
8.848977662927935334e-09
8.833436357505998721e-09
8.817936382724355595e-09
8.802479680959077257e-09
8.787061907792750509e-09
8.771685002303651260e-09
8.756348804592544285e-09
8.741053154761853683e-09
8.725799968614777981e-09
8.710584931244955380e-09
8.695409962082377654e-09
8.680276966121879586e-09
8.665181650117156240e-09
8.650125922661302879e-09
8.635111678025737025e-09
8.620134644453995037e-09
8.605198766839343832e-09
8.590298769977364307e-09
8.575440650226916851e-09
8.560619165150142027e-09
8.545838255787575735e-09
8.531093717312037083e-09
8.516389476721278102e-09
8.501723365671685422e-09
8.487093229775481280e-09
8.472502975102600972e-09
8.457950443792803882e-09
8.443433491833612201e-09
8.428956004529256999e-09
8.414515834421659479e-09
8.400112848314822510e-09
8.385746921762824300e-09
8.371415940991007596e-09
8.357123770172563346e-09
8.342868292131135092e-09
8.328649384612697317e-09
8.314466925364397446e-09
8.300320792134526065e-09
8.286210862672553324e-09
8.272137014729099150e-09
8.258099126055944835e-09
8.244097074406037993e-09
8.230130737533479328e-09
8.216199992947337143e-09
8.202304717173023022e-09
8.188444786490929382e-09
8.174620077182613310e-09
8.160832407020016100e-09
8.147077766040981805e-09
8.133357975295742195e-09
8.119672911070522963e-09
8.106022449652737636e-09
8.092408392564306469e-09
8.078826762401724646e-09
8.065279363923977870e-09
8.051767989001095597e-09
8.038288683416767411e-09
8.024843261496784369e-09
8.011433528623462398e-09
7.998055569016169475e-09
7.984713090892094168e-09
7.971402191185328345e-09
7.958126565433864091e-09
7.944881378130991936e-09
7.931672203951958825e-09
7.918494218404544170e-09
7.905351091858499370e-09
7.892238959011434334e-09
7.879161477743282017e-09
7.866114793841090390e-09
7.853102545893453255e-09
7.840122750517250574e-09
7.827173436682178140e-09
7.814258223079134120e-09
7.801375135603274959e-09
7.788524065444283378e-09
7.775703053804989543e-09
7.762915694890891840e-09
7.750160026860757731e-09
7.737435940908008793e-09
7.724743328227007933e-09
7.712080245142259207e-09
7.699450257778174926e-09
7.686851430380698031e-09
7.674283667261444569e-09
7.661746872732837914e-09
7.649240951108126964e-09
7.636765806701372911e-09
7.624321343827459164e-09
7.611907466802084732e-09
7.599524079941767533e-09
7.587171087563842737e-09
7.574848393986461119e-09
7.562555903528598975e-09
7.550293520510043243e-09
7.538061151703551875e-09
7.525858713691280399e-09
7.513687913238013323e-09
7.501545091034578633e-09
7.489431956739516552e-09
7.477348429389890883e-09
7.465294428023456952e-09
7.453271645052179831e-09
7.441276449917916260e-09
7.429310537891223577e-09
7.417373828012603349e-09
7.405468001337413999e-09
7.393589450056677314e-09
7.381739856070638131e-09
7.369920882060104807e-09
7.358128925217377867e-09
7.346365649047717413e-09
7.334632705862841493e-09
7.322926509648820498e-09
7.311250455132456863e-09
7.299600967427799043e-09
7.287981430163657534e-09
7.276387413857763765e-09
7.264824023809507377e-09
7.253286840179820244e-09
7.241779224562303117e-09
7.230297638756147807e-09
7.218845451532376428e-09
7.207420868671281029e-09
7.196022106827338652e-09
7.184652522085907200e-09
7.173310328393976664e-09
7.161993750494335080e-09
7.150706128281164118e-09
7.139445683809282091e-09
7.128210649851525564e-09
7.117004350227572971e-09
7.105825015041665377e-09
7.094672573195950786e-09
7.083545266648021204e-09
7.072446390804213696e-09
7.061374177818586582e-09
7.050328548002876579e-09
7.039309421669432523e-09
7.028316719131202123e-09
7.017348690920614514e-09
7.006408599514112011e-09
6.995494692839088806e-09
6.984606891210937758e-09
6.973745114945654739e-09
6.962909284359845253e-09
6.952099319770714511e-09
6.941315143428748462e-09
6.930556685315666721e-09
6.919823877346384444e-09
6.909116651436336256e-09
6.898434939501468805e-09
6.887778673458249036e-09
6.877147785223662538e-09
6.866542206715208578e-09
6.855961869850906720e-09
6.845408335466361914e-09
6.834878275143876637e-09
6.824373252228650681e-09
6.813893198640754191e-09
6.803438045450577385e-09
6.793009336791555676e-09
6.782603764084447804e-09
6.772222873092496376e-09
6.761866590637256063e-09
6.751534843540831608e-09
6.741229162782506412e-09
6.730946264428374370e-09
6.720687681908499529e-09
6.710454938889454407e-09
6.700244766084976872e-09
6.690058689595097273e-09
6.679898225825357003e-09
6.669760122984162058e-09
6.659647499412238423e-09
6.649557127709526725e-09
6.639490539577178481e-09
6.629449257135448006e-09
6.619430067357448142e-09
6.609436067583042301e-09
6.599464054311099013e-09
6.589516331331025213e-09
6.579591273899494114e-09
6.569691175166694934e-09
6.559812850548723074e-09
6.549959369014227232e-09
6.540127552770675667e-09
6.530320448415995434e-09
6.520536426204518904e-09
6.510773865704965502e-09
6.501035796945364713e-09
6.491320597175138153e-09
6.481626652892580136e-09
6.471956980254622573e-09
6.462309963456562392e-09
6.452683995877675238e-09
6.443082079901143032e-09
6.433502606619393082e-09
6.423943976244513987e-09
6.414409179405992966e-09
6.404896623662967425e-09
6.395406249512645850e-09
6.385936477744723502e-09
6.376490290518465662e-09
6.367066106373679338e-09
6.357663865809170302e-09
6.348283509324140546e-09
6.338924977418183318e-09
6.329586704277943250e-09
6.320271645244798643e-09
6.310978232286750141e-09
6.301706405904989107e-09
6.292456106981023040e-09
6.283227277916422102e-09
6.274019861493056879e-09
6.264833800493173495e-09
6.255669037699405196e-09
6.246525515894759939e-09
6.237403177862629496e-09
6.228301966386787792e-09
6.219221824251385124e-09
6.210162694240955597e-09
6.201124519140409685e-09
6.192107241735046637e-09
6.183110804810535450e-09
6.174135152346134488e-09
6.165180233094257673e-09
6.156245997000857009e-09
6.147333857001480969e-09
6.138440834950224664e-09
6.129568345902172734e-09
6.120716339804603154e-09
6.111884766605114842e-09
6.103073576251645863e-09
6.094284169070716283e-09
6.085513592169531457e-09
6.076763247964982887e-09
6.068033086406327163e-09
6.059323054354033340e-09
6.050634526314191901e-09
6.041964551638056556e-09
6.033314503809228253e-09
6.024685748077241926e-09
6.016075346146413616e-09
6.007484665318712709e-09
5.998913637012080112e-09
5.990363618318599872e-09
5.981831687281573169e-09
5.973320624648744369e-09
5.964827516577021659e-09
5.956353718132098418e-09
5.947900580631680408e-09
5.939465223925049111e-09
5.931050434504444450e-09
5.922653344558850441e-09
5.914275324993116751e-09
5.905917738736884942e-09
5.897577729943177487e-09
5.889258065166746328e-09
5.880955196659493597e-09
5.872673283712850926e-09
5.864408785486785329e-09
5.856164452748419194e-09
5.847937453335496203e-09
5.839730528096645974e-09
5.831542230217478722e-09
5.823371118601815729e-09
5.815219912013105235e-09
5.807085785311287703e-09
5.798971449508362236e-09
5.790875465447457692e-09
5.782796401680376900e-09
5.774736957657596516e-09
5.766694327511733311e-09
5.758671203029055889e-09
5.750666154678866865e-09
5.742677760552537846e-09
5.734708701893657483e-09
5.726757559339967846e-09
5.718824283106859306e-09
5.710907464174014517e-09
5.703009773107128759e-09
5.695129799004472310e-09
5.687267492082586976e-09
5.679421450808149115e-09
5.671594330759528312e-09
5.663784728538816712e-09
5.655992594363699283e-09
5.648217878452140583e-09
5.640459188535696435e-09
5.632719161857235072e-09
5.624996405357754297e-09
5.617290870520288018e-09
5.609602508828146419e-09
5.601931271764913481e-09
5.594277110814455255e-09
5.586638647770440991e-09
5.579018495310020727e-09
5.571415273411595181e-09
5.563828933560147924e-09
5.556259427240938804e-09
5.548706705939501468e-09
5.541170721141645841e-09
5.533651423487345002e-09
5.526148760232385895e-09
5.518662677786747570e-09
5.511193122560706034e-09
5.503740040964849971e-09
5.496303379410074945e-09
5.488883084307572655e-09
5.481479102068852434e-09
5.474091379105720575e-09
5.466719861830294389e-09
5.459364496654993109e-09
5.452025229992544507e-09
5.444702008255979930e-09
5.437396075452386990e-09
5.430104804791927573e-09
5.422829458960755147e-09
5.415570004702284117e-09
5.408326408760127409e-09
5.401098637878080757e-09
5.393886658800135937e-09
5.386691720419869793e-09
5.379511223475563356e-09
5.372346418572185490e-09
5.365197272454479879e-09
5.358063751867372185e-09
5.350947097206180855e-09
5.343844722492126813e-09
5.336757851138479098e-09
5.329686427481226811e-09
5.322630395856675862e-09
5.315590965844802353e-09
5.308565549625430522e-09
5.301555358453209117e-09
5.294561596908637101e-09
5.287581687184124927e-09
5.280616835523991594e-09
5.273668241541590106e-09
5.266733337377134829e-09
5.259813324297061173e-09
5.252909399712961735e-09
5.246019019315739885e-09
5.239143395826325402e-09
5.232283735419592164e-09
5.225437506339896160e-09
5.218605916393859028e-09
5.211790166883980423e-09
5.204987735811769178e-09
5.198201063430924185e-09
5.191427634213036125e-09
5.184669881956355694e-09
5.177925297574968947e-09
5.171195077530796484e-09
5.164480411660760193e-09
5.157778799404325298e-09
5.151092657236758190e-09
5.144418878483665730e-09
5.137761098593503640e-09
5.131116216445718308e-09
5.124486635822889980e-09
5.117869874988766257e-09
5.111268331419887860e-09
5.104680744765169323e-09
5.098105860946882798e-09
5.091546068032449923e-09
5.084998899969655063e-09
5.078466737972780595e-09
5.071947119149629418e-09
5.065442415433764765e-09
5.058951373738066299e-09
5.052472747156828524e-09
5.046008898352488338e-09
5.039558578879339221e-09
5.033120546434299682e-09
5.026697154466862517e-09
5.020285964120662710e-09
5.013889322735281364e-09
5.007505989536090573e-09
5.001135920296005322e-09
4.994777883543848600e-09
4.988434223038790762e-09
4.982103714361536608e-09
4.975785139121250157e-09
4.969480833747849748e-09
4.963189578348441978e-09
4.956911338973115831e-09
4.950644903210205331e-09
4.944392595520891145e-09
4.938153202003838560e-09
4.931926688709797478e-09
4.925711849157006706e-09
4.919510995936554662e-09
4.913322919933136434e-09
4.907147581417417748e-09
4.900984939504104239e-09
4.894833788118530826e-09
4.888696418214513752e-09
4.882571622255198963e-09
4.876459359356087843e-09
4.870359588632861274e-09
4.864272269201407758e-09
4.858197360177806878e-09
4.852133665643399655e-09
4.846083456223368760e-09
4.840045534557666526e-09
4.834019861219093843e-09
4.828006402604376348e-09
4.822005126566331502e-09
4.816016000957925657e-09
4.810038993632284814e-09
4.804074072442683861e-09
4.798121205242549066e-09
4.792180359885461376e-09
4.786251504225156422e-09
4.780334606115521209e-09
4.774429633410592461e-09
4.768536553964565723e-09
4.762655335631785429e-09
4.756785944883799839e-09
4.750928342660527489e-09
4.745082488519125478e-09
4.739248342016946122e-09
4.733425862711532814e-09
4.727615010160619200e-09
4.721815743922135793e-09
4.716028023554200879e-09
4.710251808615125473e-09
4.704487058663416636e-09
4.698733733257771678e-09
4.692991791957078160e-09
4.687261194320420516e-09
4.681543016525411043e-09
4.675834998613717583e-09
4.670138228892292187e-09
4.664452679843467963e-09
4.658778323949710370e-09
4.653115133693614733e-09
4.647463081557908725e-09
4.641822140025449890e-09
4.636193385258335926e-09
4.630574581045181373e-09
4.624966804887252945e-09
4.619370029267926828e-09
4.613784226670704936e-09
4.608210465407389405e-09
4.602646516612426796e-09
4.597093443945345376e-09
4.591551212716160600e-09
4.586019788235051701e-09
4.580500226245777555e-09
4.574990309881625981e-09
4.569491096199624188e-09
4.564002550510603231e-09
4.558525723332634107e-09
4.553058408262464670e-09
4.547601657121270686e-09
4.542156516534346669e-09
4.536720789130396631e-09
4.531295529017420686e-09
4.525881786374935560e-09
4.520477377768248095e-09
4.515083354664907727e-09
4.509699689801804127e-09
4.504327428232524952e-09
4.498964396785602298e-09
4.493612711560879094e-09
4.488270204489004456e-09
4.482937919348604438e-09
4.477616894840938974e-09
4.472304970513263467e-09
4.467003185611246771e-09
4.461712571445946002e-09
4.456430970808243206e-09
4.451160475217471479e-09
4.445898932489218189e-09
4.440647371957446440e-09
4.435406817955657847e-09
4.430175125800769351e-09
4.424954374511210555e-09
4.419742424381138444e-09
4.414541349461688595e-09
4.409349015005476903e-09
4.404167490115066498e-09
4.398994646226972137e-09
4.393832553734258796e-09
4.388679095215156282e-09
4.383536337395275432e-09
4.378401646572784967e-09
4.373278127555159506e-09
4.368163150914456967e-09
4.363058773608269497e-09
4.357962892868159402e-09
4.352877560795066829e-09
4.347800679468549639e-09
4.342734296151010407e-09
4.337676317751932788e-09
4.332628785636113497e-09
4.327589606139517128e-09
4.322560810438913305e-09
4.317541336476901013e-09
4.312530126976728228e-09
4.307529205944751916e-09
4.302536490591875222e-09
4.297554000166270691e-09
4.292580678581270072e-09
4.287615474486885319e-09
4.282660400026836529e-09
4.277713384254123166e-09
4.272776434597890697e-09
4.267848503155633073e-09
4.262928555791434164e-09
4.258018606504588631e-09
4.253117622257507452e-09
4.248224574680307358e-09
4.243341470771034574e-09
4.238467280996224098e-09
4.233600980464603117e-09
4.228744569211241418e-09
4.223897021187646303e-09
4.219057314962145981e-09
4.214227443644887416e-09
4.209406384653302725e-09
4.204594118658387911e-09
4.199789617002896332e-09
4.194994849451789877e-09
4.190208783843599450e-09
4.185431389040737130e-09
4.180661638574564505e-09
4.175901493102416825e-09
4.171149925021507514e-09
4.166406903194728413e-09
4.161671405671107053e-09
4.156945384065979725e-09
4.152227815302368561e-09
4.147518668243646820e-09
4.142817913807472619e-09
4.138124545915387490e-09
4.133440517295995368e-09
4.128764822808920160e-09
4.124097443642949768e-09
4.119438360986940754e-09
4.114786576368417459e-09
4.110144031403577432e-09
4.105509726513743971e-09
4.100883642888068942e-09
4.096265761715771210e-09
4.091656064186144915e-09
4.087054531488552852e-09
4.082460173294997576e-09
4.077874918100779767e-09
4.073297776756898224e-09
4.068728733178845787e-09
4.064167771282179818e-09
4.059614874982513927e-09
4.055070028195527070e-09
4.050533214836958588e-09
4.046004418822605726e-09
4.041483624068331074e-09
4.036970814490056780e-09
4.032465974003765376e-09
4.027968127516295749e-09
4.023479176021917119e-09
4.018998133317373954e-09
4.014524971270360328e-09
4.010059661748676194e-09
4.005602176620229037e-09
4.001152487753033876e-09
3.996710567015211611e-09
3.992276386274992328e-09
3.987849917400711165e-09
3.983431132260810794e-09
3.979020002723842247e-09
3.974616500658461609e-09
3.970220597933433325e-09
3.965832269249167872e-09
3.961451500632314921e-09
3.957078280941112270e-09
3.952712599033839079e-09
3.948354443768815865e-09
3.944004743039741150e-09
3.939661606601183061e-09
3.935325963381875502e-09
3.930997802240310218e-09
3.926677112035014522e-09
3.922363881624564530e-09
3.918058099867572754e-09
3.913759755622699685e-09
3.909468836337328151e-09
3.905185323813626953e-09
3.900909198442520317e-09
3.896640440615005263e-09
3.892379957476421239e-09
3.888125874897394678e-09
3.883879101037143614e-09
3.879639616286959543e-09
3.875407401038210060e-09
3.871182435682336382e-09
3.866964700610854170e-09
3.862754176215356840e-09
3.858551761594245110e-09
3.854355599110780179e-09
3.850166590779482960e-09
3.845984719291497393e-09
3.841809967338027802e-09
3.837643231342976643e-09
3.833482665542673560e-09
3.829329167352585572e-09
3.825182719464175909e-09
3.821043304568977286e-09
3.816911814159234729e-09
3.812786412343931612e-09
3.808667991598492393e-09
3.804556534614707867e-09
3.800452024151787355e-09
3.796355347148692377e-09
3.792264677907858043e-09
3.788180904410494270e-09
3.784104009752831886e-09
3.780034877058755483e-09
3.775971688402853639e-09
3.771915327877354892e-09
3.767865778578743189e-09
3.763823919774524239e-09
3.759787941259278077e-09
3.755758723262365129e-09
3.751737142175942639e-09
3.747721394413008307e-09
3.743712361634457044e-09
3.739710032111249093e-09
3.735715283598147223e-09
3.731726324449737911e-09
3.727744033371397258e-09
3.723769285275970897e-09
3.719800294207026705e-09
3.715837936023264051e-09
3.711883082809829429e-09
3.707933954270804695e-09
3.703991423432457776e-09
3.700056359566384539e-09
3.696126987432383988e-09
3.692204174356081062e-09
3.688288783350742639e-09
3.684379041897833063e-09
3.680476690284327238e-09
3.676579959712174196e-09
3.672689712264769037e-09
3.668806806320646379e-09
3.664929478639290621e-09
3.661059460245601757e-09
3.657194991588713236e-09
3.653336930124996807e-09
3.649486129636616978e-09
3.645640836076422057e-09
3.641802771244687320e-09
3.637970184714238771e-09
3.634143929305673234e-09
3.630324854195677850e-09
3.626511214423184890e-09
3.622704722670943291e-09
3.618903637606940086e-09
3.615109668291051387e-09
3.611321077008376150e-09
3.607539569207830304e-09
3.603763410779738561e-09
3.599994303573918022e-09
3.596230517842056118e-09
3.592473755686513980e-09
3.588722294780424470e-09
3.584977834418536008e-09
3.581238655843848960e-09
3.577505177021784614e-09
3.573779090571368306e-09
3.570059106774508815e-09
3.566344365822552348e-09
3.562636556353581058e-09
3.558933970250235719e-09
3.555238292621597837e-09
3.551547818873673253e-09
3.547864230180696171e-09
3.544185823373576235e-09
3.540514274033661476e-09
3.536847882074848056e-09
3.533188319584001605e-09
3.529533889963969326e-09
3.525886261818539204e-09
3.522244580723784856e-09
3.518607995724793410e-09
3.514978170222015804e-09
3.511353416290983564e-09
3.507735393877365349e-09
3.504122418506027151e-09
3.500516147288238741e-09
3.496915734901999035e-09
3.493320340064150704e-09
3.489731617787314075e-09
3.486147895825609210e-09
3.482570825775967125e-09
3.478999567209280413e-09
3.475433283098367105e-09
3.471873619937399718e-09
3.468319739850851842e-09
3.464770808348569796e-09
3.461228466846799559e-09
3.457691880011168984e-09
3.454160215164096316e-09
3.450635105108014897e-09
3.447114891944357687e-09
3.443601204408307648e-09
3.440093207100653668e-09
3.436590067963866510e-09
3.433093410720798437e-09
3.429602402480619703e-09
3.426117029502023579e-09
3.422636463047736244e-09
3.419162320195227864e-09
3.415693771379292509e-09
3.412229990338820282e-09
3.408772589792206610e-09
3.405320745638794667e-09
3.401873637662981134e-09
3.398432876635445161e-09
3.394997641520588536e-09
3.391567922158736199e-09
3.388142901601476198e-09
3.384724184080217140e-09
3.381310951831805191e-09
3.377903194696683575e-09
3.374500098972713965e-09
3.371103262393907549e-09
3.367711870448599901e-09
3.364325912875580781e-09
3.360944578689355387e-09
3.357569458557477342e-09
3.354199740588334214e-09
3.350835414011978178e-09
3.347475670946052721e-09
3.344122095643540471e-09
3.340773879422876242e-09
3.337431011514236699e-09
3.334093481147829117e-09
3.330760484418709757e-09
3.327433597619156924e-09
3.324112016051378397e-09
3.320795729379450917e-09
3.317484729002445599e-09
3.314178217563657127e-09
3.310877766060395829e-09
3.307582576349393238e-09
3.304292640263559746e-09
3.301007949635829317e-09
3.297728496299159490e-09
3.294453487590393064e-09
3.291184485112687461e-09
3.287920695423813689e-09
3.284662110356826069e-09
3.281408721744800841e-09
3.278160520668175013e-09
3.274917495196763734e-09
3.271678853570778296e-09
3.268446142030645675e-09
3.265218568046184566e-09
3.261996118934696619e-09
3.258778782013518223e-09
3.255566544600025059e-09
3.252359394011625481e-09
3.249157317565765894e-09
3.245959529622827563e-09
3.242767564174080600e-09
3.239580634819231392e-09
3.236398729567443724e-09
3.233221839194181797e-09
3.230049955166508080e-09
3.226883068951506546e-09
3.223721172016285986e-09
3.220564255827979590e-09
3.217412311853745781e-09
3.214265331560766138e-09
3.211123306416247060e-09
3.207986227887420173e-09
3.204853324265747315e-09
3.201726114114233936e-09
3.198603824979078614e-09
3.195486448523191646e-09
3.192373977191813385e-09
3.189266403625787169e-09
3.186163720465974118e-09
3.183065920353260170e-09
3.179972995928548220e-09
3.176884939832765563e-09
3.173801744706858521e-09
3.170723403191794923e-09
3.167649907928562448e-09
3.164581251558172352e-09
3.161517426721655742e-09
3.158458426060061924e-09
3.155404241391773514e-09
3.152354861244416630e-09
3.149310273322961453e-09
3.146270465332415802e-09
3.143235424977814379e-09
3.140205139964236554e-09
3.137179597996789820e-09
3.134158786780620136e-09
3.131142694020906960e-09
3.128131307422866147e-09
3.125124614691747465e-09
3.122122603532838321e-09
3.119125261651456312e-09
3.116133319506283577e-09
3.113145283410430730e-09
3.110161887981485211e-09
3.107183125060937341e-09
3.104208986490304326e-09
3.101239464111123635e-09
3.098274549764958796e-09
3.095314235293395257e-09
3.092358512538040797e-09
3.089407373340528014e-09
3.086460809542512252e-09
3.083518812985672843e-09
3.080581375511709798e-09
3.077648489264028572e-09
3.074720879802100449e-09
3.071797075663354576e-09
3.068877803405802410e-09
3.065963056681317894e-09
3.063052829141789855e-09
3.060147114439129044e-09
3.057245906225261926e-09
3.054349198152132338e-09
3.051456983871705210e-09
3.048569983022251878e-09
3.045686736597092708e-09
3.042807964921697112e-09
3.039933660520357439e-09
3.037063811406414322e-09
3.034198404465501898e-09
3.031337426583291939e-09
3.028481585851368819e-09
3.025629426065025486e-09
3.022781655995667180e-09
3.019938262529113325e-09
3.017099232551217263e-09
3.014264552947874518e-09
3.011434927754282859e-09
3.008608908885390171e-09
3.005787201049978562e-09
3.002969792135975264e-09
3.000156674038880114e-09
2.997348553453199623e-09
2.994543995014801976e-09
2.991743706086625101e-09
2.988947679566136435e-09
2.986155908350827817e-09
2.983369095808564094e-09
2.980585813233852772e-09
2.977806764657922395e-09
2.975031942978340900e-09
2.972261341092697736e-09
2.969495659067445092e-09
2.966733475355877111e-09
2.963975493435965477e-09
2.961221709509200452e-09
2.958472824322738110e-09
2.955727424333471608e-09
2.952986210942876324e-09
2.950249180352484292e-09
2.947516328763834989e-09
2.944788353667590637e-09
2.942063848038768064e-09
2.939343510017370408e-09
2.936627335804982642e-09
2.933916020304934953e-09
2.931208159595528456e-09
2.928504438848165781e-09
2.925805538583317788e-09
2.923110048365332979e-09
2.920418649357172424e-09
2.917731325307861345e-09
2.915048754178176329e-09
2.912369530656269919e-09
2.909694333341522813e-09
2.907023838285053069e-09
2.904356643997599718e-09
2.901693427166012130e-09
2.899034171539630687e-09
2.896379553215852548e-09
2.893728188671587327e-09
2.891080767532153612e-09
2.888437976901043628e-09
2.885798439617127233e-09
2.883162843412948897e-09
2.880531873510483005e-09
2.877904156514466950e-09
2.875280378273114121e-09
2.872661222135317886e-09
2.870045318454807453e-09
2.867433351203905263e-09
2.864826001866851401e-09
2.862221902401500794e-09
2.859621724272692583e-09
2.857026134340432500e-09
2.854433757637910317e-09
2.851845261643024517e-09
2.849261311367987560e-09
2.846680535544673144e-09
2.844104277128484866e-09
2.841531167307892978e-09
2.838961870481125202e-09
2.836397048599032049e-09
2.833835336521312749e-09
2.831277396809385879e-09
2.828723891194247270e-09
2.826173466221217197e-09
2.823627464714622975e-09
2.821084537253573736e-09
2.818545352992862415e-09
2.816010578668569442e-09
2.813478868487916962e-09
2.810951559228466327e-09
2.808427307507284400e-09
2.805906779458039130e-09
2.803390638813452147e-09
2.800877545792056531e-09
2.798368831169059410e-09
2.795863156562884968e-09
2.793361180147103156e-09
2.790863556719785249e-09
2.788368946513178155e-09
2.785878668390933913e-09
2.783391384959866136e-09
2.780908412712647638e-09
2.778428416623683537e-09
2.775952049712935598e-09
2.773479962641514483e-09
2.771010823922222728e-09
2.768545944150624838e-09
2.766083994189848283e-09
2.763626282982854102e-09
2.761171487207255558e-09
2.758720916937025596e-09
2.756273251880630110e-09
2.753829799778843058e-09
2.751389242669994130e-09
2.748952885968432077e-09
2.746519414035587356e-09
2.744089476440571040e-09
2.741663720437865005e-09
2.739240833860910507e-09
2.736822116337498605e-09
2.734406258007351432e-09
2.731994555590462529e-09
2.729585698501571993e-09
2.727180653389247538e-09
2.724778761143352650e-09
2.722380985836720906e-09
2.719986020858440477e-09
2.717595153035267612e-09
2.715207078036018035e-09
2.712823080411094098e-09
2.710442503620066998e-09
2.708064693390758770e-09
2.705690930871290223e-09
2.703319917401176962e-09
2.700952932731815142e-09
2.698588684776359437e-09
2.696228455349288334e-09
2.693870955477564184e-09
2.691517464728455636e-09
2.689166696372963884e-09
2.686819927737562932e-09
2.684475874330889618e-09
2.682135811245018235e-09
2.679798456219828395e-09
2.677465082119382998e-09
2.675135046022823799e-09
2.672807707229376664e-09
2.670484334147112311e-09
2.668163644436617646e-09
2.665846898664312687e-09
2.663532815573915726e-09
2.661222653526060904e-09
2.658915766721368449e-09
2.656611511558496675e-09
2.654311143101134258e-09
2.652013385588178262e-09
2.649719491893121356e-09
2.647428818962268776e-09
2.645140725924498051e-09
2.642856462379549290e-09
2.640574759328495833e-09
2.638296870724440431e-09
2.636021536268600248e-09
2.633750009050897279e-09
2.631481657663081642e-09
2.629215852858189498e-09
2.626953844484244592e-09
2.624695002755109804e-09
2.622438700036873533e-09
2.620186182949248955e-09
2.617936199820524334e-09
2.615689995125736178e-09
2.613446941767169143e-09
2.611206414349230932e-09
2.608969651965851212e-09
2.606736026512933204e-09
2.604504912014593838e-09
2.602277543937425246e-09
2.600052676530177382e-09
2.597831543138717962e-09
2.595613518317396616e-09
2.593397978733911829e-09
2.591186154564164282e-09
2.588977421948650138e-09
2.586771159132362759e-09
2.584568593134511621e-09
2.582369100811564031e-09
2.580172057661550760e-09
2.577978682379023696e-09
2.575788349075701090e-09
2.573600433950274570e-09
2.571416152566943491e-09
2.569234880603790203e-09
2.567055995817221844e-09
2.564880710654056257e-09
2.562708402352239902e-09
2.560538450219502563e-09
2.558372063598096493e-09
2.556208621279415412e-09
2.554048113943598814e-09
2.551889930620637608e-09
2.549735285729467745e-09
2.547583569319248540e-09
2.545434173489270060e-09
2.543288309583287430e-09
2.541145369189109790e-09
2.539004745936321680e-09
2.536867648106034148e-09
2.534733468818436957e-09
2.532602206417397473e-09
2.530473256563165776e-09
2.528347823472783456e-09
2.526225301221663070e-09
2.524105682762579006e-09
2.521988359306038095e-09
2.519874524557905153e-09
2.517763569224867432e-09
2.515654886024928312e-09
2.513549665647054514e-09
2.511447300307483729e-09
2.509347781880879114e-09
2.507250505085711708e-09
2.505156656607500358e-09
2.503065630665663976e-09
2.500977419134928173e-09
2.498891419479082967e-09
2.496808818179944883e-09
2.494729015983082221e-09
2.492652009297055846e-09
2.490577201342791480e-09
2.488505775397220008e-09
2.486437134187544138e-09
2.484371274122352857e-09
2.482308191610241360e-09
2.480247292330928498e-09
2.478189754640561016e-09
2.476134983728443472e-09
2.474082976003198772e-09
2.472033138689868044e-09
2.469986644182558523e-09
2.467942897169355016e-09
2.465901891599902008e-09
2.463863621423859288e-09
2.461827494246322734e-09
2.459794677190003358e-09
2.457764577375490056e-09
2.455737188752485630e-09
2.453712505270708184e-09
2.451689936948291231e-09
2.449670646078831453e-09
2.447654042199177662e-09
2.445640119100855461e-09
2.443628869942441360e-09
2.441620287724285453e-09
2.439613784389598427e-09
2.437610515529918516e-09
2.435609892610999072e-09
2.433611908633245198e-09
2.431616556597074814e-09
2.429623829502920320e-09
2.427633142145784832e-09
2.425645644410112825e-09
2.423660750617214168e-09
2.421678453767575437e-09
2.419698747749603283e-09
2.417721630003341628e-09
2.415746523480633602e-09
2.413774577731057809e-09
2.411805215236450874e-09
2.409838434324775548e-09
2.407874233323999963e-09
2.405912610562094313e-09
2.403953564367033760e-09
2.401996520963576890e-09
2.400042623351242020e-09
2.398091297289079261e-09
2.396142541105076181e-09
2.394196352211742755e-09
2.392252724359676929e-09
2.390311650384009809e-09
2.388373123119885322e-09
2.386436567002987437e-09
2.384503112127676645e-09
2.382572182468822866e-09
2.380643770861627932e-09
2.378717870141306080e-09
2.376794473143085609e-09
2.374873572702208055e-09
2.372955161653929841e-09
2.371039232833518971e-09
2.369125215638997800e-09
2.367214236126029059e-09
2.365305727445001812e-09
2.363399687480612159e-09
2.361496114117560337e-09
2.359595005240551546e-09
2.357696358734293053e-09
2.355800172483498331e-09
2.353906444372883333e-09
2.352015172287168975e-09
2.350126354111080308e-09
2.348239428422037066e-09
2.346355512167835459e-09
2.344474042473095576e-09
2.342595012203666701e-09
2.340718413221634299e-09
2.338844237389098310e-09
2.336972476568176046e-09
2.335103122620998051e-09
2.333236167409712241e-09
2.331371602796481010e-09
2.329509420643482466e-09
2.327649612812910433e-09
2.325792171166974454e-09
2.323937087567898131e-09
2.322084353877922852e-09
2.320233963341603521e-09
2.318385362531747465e-09
2.316539656445697222e-09
2.314696292598649618e-09
2.312855271146671716e-09
2.311016592245831404e-09
2.309180256052194502e-09
2.307346262721830140e-09
2.305514612410802070e-09
2.303685305275178180e-09
2.301858341471023465e-09
2.300033721154404158e-09
2.298211444481384425e-09
2.296391510234728291e-09
2.294573911703994247e-09
2.292758640805455946e-09
2.290945689455399034e-09
2.289135049570126944e-09
2.287326713065957581e-09
2.285520671859224983e-09
2.283716917866276422e-09
2.281915443003477780e-09
2.280116239187208175e-09
2.278319298333862857e-09
2.276524612359851549e-09
2.274732173181600518e-09
2.272941973919203351e-09
2.271154012507371624e-09
2.269368288084473479e-09
2.267584799788876232e-09
2.265803546758951333e-09
2.264024528133069820e-09
2.262247743049605624e-09
2.260473190646934333e-09
2.258700870063432774e-09
2.256930780437479015e-09
2.255162920907452780e-09
2.253397290611737099e-09
2.251633888688714176e-09
2.249872713761853316e-09
2.248113762394959400e-09
2.246357030636929785e-09
2.244602514536666380e-09
2.242850210143081431e-09
2.241100113505093390e-09
2.239352220671628565e-09
2.237607060663827148e-09
2.235863563171189516e-09
2.234122257630421061e-09
2.232383140090476216e-09
2.230646206600317685e-09
2.228911453208916446e-09
2.227178875734907177e-09
2.225448469075557848e-09
2.223720227897805508e-09
2.221994146868593822e-09
2.220270220654880518e-09
2.218548443923630355e-09
2.216828811341820087e-09
2.215111317576435150e-09
2.213395957294472978e-09
2.211682725162940103e-09
2.209971615848852153e-09
2.208263150006196983e-09
2.206556269921779742e-09
2.204851496760725105e-09
2.203148825711607997e-09
2.201448252067319093e-09
2.199749771120755271e-09
2.198053378164824161e-09
2.196359068492441254e-09
2.194666837396531551e-09
2.192976680170029566e-09
2.191288592105877673e-09
2.189602568497027344e-09
2.187919125780504629e-09
2.186237216560780826e-09
2.184557357675756459e-09
2.182879545624782910e-09
2.181203781732672234e-09
2.179530068530600001e-09
2.177858408549734335e-09
2.176188804321240881e-09
2.174521258376278664e-09
2.172856290804321163e-09
2.171192868623913077e-09
2.169531512320978180e-09
2.167872224426657715e-09
2.166215007472087134e-09
2.164559863988398578e-09
2.162906796506717573e-09
2.161255805577389300e-09
2.159606883827646255e-09
2.157960535916302154e-09
2.156315724073625270e-09
2.154672953350488944e-09
2.153032214393415637e-09
2.151393497848947248e-09
2.149756794363642221e-09
2.148122094584076783e-09
2.146489900438538557e-09
2.144859179622068252e-09
2.143230434451644420e-09
2.141603655573912358e-09
2.139978835176010559e-09
2.138355971606984129e-09
2.136735064756356064e-09
2.135116623087865850e-09
2.133499628957683700e-09
2.131884591214933373e-09
2.130271509749137453e-09
2.128660384449819766e-09
2.127051215206502482e-09
2.125444508180405398e-09
2.123839250335538110e-09
2.122235948215709644e-09
2.120634601710442587e-09
2.119035209944451222e-09
2.117437768983199681e-09
2.115842778113274624e-09
2.114249224284158699e-09
2.112657607162256329e-09
2.111067922048254365e-09
2.109480164242849170e-09
2.107894329046746207e-09
2.106310913477442541e-09
2.104728909025505069e-09
2.103148813085493280e-09
2.101570620958147378e-09
2.099994327944215425e-09
2.098420429778576913e-09
2.096847924689705126e-09
2.095277311766039331e-09
2.093708589882873216e-09
2.092141757915504605e-09
2.090577312710454810e-09
2.089014256828499741e-09
2.087453087488692664e-09
2.085893803566340089e-09
2.084336403936749353e-09
2.082781383590541710e-09
2.081227748802566278e-09
2.079675994933733779e-09
2.078126120454196832e-09
2.076578616852099176e-09
2.075032490926434166e-09
2.073488234128691512e-09
2.071945842903222945e-09
2.070405313694386811e-09
2.068867135749387448e-09
2.067330319541085483e-09
2.065795354682973237e-09
2.064262237619436354e-09
2.062731456137008906e-09
2.061202023631727565e-09
2.059674428254653320e-09
2.058148666143395341e-09
2.056624732208361776e-09
2.055103110579289953e-09
2.053582816445659920e-09
2.052064334299562504e-09
2.050547658744641787e-09
2.049033272465652726e-09
2.047520193543878934e-09
2.046008905024704196e-09
2.044499401511814779e-09
2.042992164251819501e-09
2.041486214204107434e-09
2.039982032974217194e-09
2.038479616427660609e-09
2.036979450688593492e-09
2.035480567151688286e-09
2.033983453560106676e-09
2.032488112088294732e-09
2.030995028697490083e-09
2.029503237633418101e-09
2.028013225212848982e-09
2.026525476332927355e-09
2.025039027368799982e-09
2.023554363571874340e-09
2.022071487116567547e-09
2.020590881487177828e-09
2.019111584171991791e-09
2.017634070436835659e-09
2.016158332170888782e-09
2.014684841167195238e-09
2.013212629156802534e-09
2.011742168283660481e-09
2.010273929290738387e-09
2.008806946010615102e-09
2.007341689535912488e-09
2.005878151755913708e-09
2.004416802019255207e-09
2.002956676948990607e-09
2.001498246241771915e-09
2.000041979930131551e-09
1.998586925348341963e-09
1.997133561502630913e-09
1.995682366014534920e-09
1.994232390020728883e-09
1.992784111488309397e-09
1.991337532658903247e-09
1.989893129775801097e-09
1.988449956733740372e-09
1.987008490119953846e-09
1.985569205148305082e-09
1.984131157773569400e-09
1.982694823552333625e-09
1.981260674960902532e-09
1.979827761447793677e-09
1.978396547271858095e-09
1.976967495328356537e-09
1.975539655399454408e-09
1.974113490720736898e-09
1.972689463169018482e-09
1.971266624564680194e-09
1.969845437123664429e-09
1.968426361707892128e-09
1.967008452168835860e-09
1.965592169706365753e-09
1.964177974171013145e-09
1.962764923408581710e-09
1.961353487457699358e-09
1.959944136982521218e-09
1.958535941697259069e-09
1.957129372601660176e-09
1.955724899355364764e-09
1.954321593682717460e-09
1.952919925577788853e-09
1.951520363699202415e-09
1.950121981774445944e-09
1.948725248795402813e-09
1.947330632423206010e-09
1.945937208381443477e-09
1.944545442623267474e-09
1.943155791615549704e-09
1.941767320830538200e-09
1.940380485025983256e-09
1.938995737638332423e-09
1.937612146121853193e-09
1.936230625468703939e-09
1.934850244450632906e-09
1.933471456174783322e-09
1.932094712434675631e-09
1.930719083972553260e-09
1.929345022909810367e-09
1.927972980058728118e-09
1.926602030064626475e-09
1.925233092370916659e-09
1.923865252625068046e-09
1.922498972949098743e-09
1.921134714163313817e-09
1.919771563867730075e-09
1.918409983207510398e-09
1.917050432030572651e-09
1.915691999882777594e-09
1.914335602948966787e-09
1.912980332068488131e-09
1.911626646765861646e-09
1.910275005275871480e-09
1.908924498435392264e-09
1.907576029519658327e-09
1.906228680966240691e-09
1.904882899066138562e-09
1.903539128828167840e-09
1.902196454613237161e-09
1.900855774554071364e-09
1.899516174290100046e-09
1.898178098510575248e-09
1.896841990629922242e-09
1.895506938199873647e-09
1.894173836166091510e-09
1.892841773351572139e-09
1.891511195015509496e-09
1.890182553799490949e-09
1.888854953403157186e-09
1.887529298578082089e-09
1.886204694288031469e-09
1.884881595021045109e-09
1.883560454004584207e-09
1.882240378093248127e-09
1.880922268887162628e-09
1.879605234497888812e-09
1.878290175270010558e-09
1.876976200569153918e-09
1.875663762681084181e-09
1.874353310383150376e-09
1.873043943626725989e-09
1.871736546082445040e-09
1.870430216690511033e-09
1.869125837876251635e-09
1.867822509823787453e-09
1.866520669086660429e-09
1.865220750978106051e-09
1.863921857542773885e-09
1.862624868105226285e-09
1.861328885946950284e-09
1.860034789157112545e-09
1.858741682251265066e-09
1.857450444004149039e-09
1.856160189753709400e-09
1.854871364780015046e-09
1.853584413135229095e-09
1.852298453917351632e-09
1.851014372422442914e-09
1.849731288972987378e-09
1.848450087641913782e-09
1.847169889973452329e-09
1.845891578820146517e-09
1.844614276945221524e-09
1.843338865983588034e-09
1.842064469914710652e-09
1.840791529236724261e-09
1.839520477561659263e-09
1.838250432178204562e-09
1.836982263179331690e-09
1.835715089063089941e-09
1.834449778714495837e-09
1.833185451838222746e-09
1.831922976114054433e-09
1.830661472450579534e-09
1.829401807325048765e-09
1.828143102847276449e-09
1.826886224294657014e-09
1.825630294975565915e-09
1.824376180442897732e-09
1.823123012564456329e-09
1.821871663062066692e-09
1.820621266469498575e-09
1.819372693316616735e-09
1.818125079327812572e-09
1.816879293843638002e-09
1.815634473776455577e-09
1.814391487280157764e-09
1.813149472452419089e-09
1.811908864636238032e-09
1.810670097992629051e-09
1.809432312392222646e-09
1.808196371398557877e-09
1.806961407883933448e-09
1.805728060980018744e-09
1.804495893401638424e-09
1.803265542959051599e-09
1.802036143238423765e-09
1.800808546102552906e-09
1.799581886308265471e-09
1.798357014549044934e-09
1.797133494858716656e-09
1.795910892437209806e-09
1.794690056228891851e-09
1.793470123905890116e-09
1.792251944487144679e-09
1.791034662993665324e-09
1.789819133471274794e-09
1.788604503337531077e-09
1.787391625480417678e-09
1.786179648474066238e-09
1.784969424051146199e-09
1.783760101939838089e-09
1.782552532720023914e-09
1.781345867271404607e-09
1.780140955023603838e-09
1.778936948005313634e-09
1.777734694498429264e-09
1.776533347295644759e-09
1.775333751621370849e-09
1.774135059499943216e-09
1.772938114630655440e-09
1.771742070179250290e-09
1.770547768704886876e-09
1.769354786007171610e-09
1.768162699022709738e-09
1.766972348605174834e-09
1.765782890762812238e-09
1.764595165215442454e-09
1.763408329103924361e-09
1.762223221016723687e-09
1.761038999138942249e-09
1.759856500500804592e-09
1.758674883985662984e-09
1.757494985411491619e-09
1.756316383177362441e-09
1.755138656805637365e-09
1.753962640429368760e-09
1.752787495740150263e-09
1.751614055750830274e-09
1.750441483271990856e-09
1.749270610198733169e-09
1.748100600458175731e-09
1.746932284830116985e-09
1.745765244079428912e-09
1.744599059464427544e-09
1.743434559168285292e-09
1.742270908970575323e-09
1.741108935945238631e-09
1.739947806979893830e-09
1.738788348041657594e-09
1.737630141065186871e-09
1.736472769088986944e-09
1.735317056424420910e-09
1.734162172718746099e-09
1.733008941182463400e-09
1.731856532562530165e-09
1.730705769613740660e-09
1.729556239413361413e-09
1.728407530777022230e-09
1.727260468030140006e-09
1.726114228515372072e-09
1.724969635465500250e-09
1.723825867314636350e-09
1.722683746205283139e-09
1.721542861771656836e-09
1.720402804735314983e-09
1.719264395607750432e-09
1.718126815541412168e-09
1.716990883963401240e-09
1.715856191015798361e-09
1.714722324519842299e-09
1.713590097177053742e-09
1.712458687740078103e-09
1.711328907831943099e-09
1.710200344692962276e-09
1.709072586639049502e-09
1.707946443679857239e-09
1.706821097257059416e-09
1.705697356307611163e-09
1.704574809415622293e-09
1.703453046235062922e-09
1.702332874098123055e-09
1.701213478089164554e-09
1.700095669313415583e-09
1.698979043499674328e-09
1.697863197440945708e-09
1.696748941614153414e-09
1.695635468604222912e-09
1.694523587826686673e-09
1.693412896339891992e-09
1.692302992260740780e-09
1.691194683416923870e-09
1.690087165039752014e-09
1.688981243901188739e-09
1.687876518382062819e-09
1.686772586730579916e-09
1.685670248211872822e-09
1.684569094883852991e-09
1.683468719853912939e-09
1.682369919627492764e-09
1.681271886527649095e-09
1.680175416013167447e-09
1.679080101453133398e-09
1.677985537260538179e-09
1.676892517328339636e-09
1.675800635808978688e-09
1.674709487895525862e-09
1.673619865920026854e-09
1.672531366566107872e-09
1.671443594555962993e-09
1.670357351167314377e-09
1.669271844948590120e-09
1.668187876142793185e-09
1.667105051481068458e-09
1.666022978726551767e-09
1.664942456574234016e-09
1.663863092529651483e-09
1.662784495127042107e-09
1.661707461518318449e-09
1.660631599980946697e-09
1.659556519817764886e-09
1.658483014324193165e-09
1.657410680955099439e-09
1.656339115868974717e-09
1.655269099236189007e-09
1.654199832883832653e-09
1.653132095963044805e-09
1.652065484887168544e-09
1.650999597086108292e-09
1.649935210186211751e-09
1.648871921363667196e-09
1.647809328808042905e-09
1.646748208625665069e-09
1.645688158753170814e-09
1.644628780353061655e-09
1.643570859094186199e-09
1.642514006964766232e-09
1.641457836960241871e-09
1.640403135454193343e-09
1.639349515190628053e-09
1.638296589917703312e-09
1.637245144502754116e-09
1.636194792443277237e-09
1.635145148237809567e-09
1.634096995252104102e-09
1.633049947734818466e-09
1.632003620932510427e-09
1.630958795248902399e-09
1.629915078355667198e-09
1.628872077454058783e-09
1.627830564129907828e-09
1.626790145336189205e-09
1.625750816319686748e-09
1.624712185272222224e-09
1.623675021797512343e-09
1.622638933840140378e-09
1.621603530332148866e-09
1.620569579396091884e-09
1.619536689717542753e-09
1.618504470966479692e-09
1.617473690857226601e-09
1.616443964155810937e-09
1.615414907677995724e-09
1.614387293007792044e-09
1.613360736715989661e-09
1.612335240459523780e-09
1.611310422031506058e-09
1.610287051060218608e-09
1.609264745094809401e-09
1.608243122658745910e-09
1.607222951918821277e-09
1.606203851155300293e-09
1.605185439619715573e-09
1.604168482531408529e-09
1.603152591446773581e-09
1.602137759079495796e-09
1.601123596705081187e-09
1.600110860154777357e-09
1.599099160462682204e-09
1.598088109627109944e-09
1.597078462033023825e-09
1.596069829438069862e-09
1.595061824561181340e-09
1.594055200345431962e-09
1.593049569269812458e-09
1.592044924048082964e-09
1.591040880648337660e-09
1.590038201556133390e-09
1.589036513958877818e-09
1.588035824320321760e-09
1.587035761020573025e-09
1.586037086928479550e-09
1.585039430186066506e-09
1.584042419886172160e-09
1.583046817471390063e-09
1.582052251797203969e-09
1.581058729327320023e-09
1.580065880101444762e-09
1.579074463667360897e-09
1.578084107312214222e-09
1.577094804918708599e-09
1.576106172372250959e-09
1.575118952236681189e-09
1.574132760162077679e-09
1.573147212738439601e-09
1.572163051119774059e-09
1.571179891661486841e-09
1.570197725730145207e-09
1.569216170851846088e-09
1.568235966307565619e-09
1.567256729389756122e-09
1.566278451465021666e-09
1.565300752902016348e-09
1.564324380667071225e-09
1.563348964447015310e-09
1.562374507069560772e-09
1.561400639382972855e-09
1.560428108405445396e-09
1.559456544753406421e-09
1.558485951254555691e-09
1.557515959682168887e-09
1.556547315203459649e-09
1.555579649360788335e-09
1.554612964981844156e-09
1.553646894761195882e-09
1.552682180843050125e-09
1.551718449794749623e-09
1.550755697367283878e-09
1.549793550096090031e-09
1.548832742392085481e-09
1.547872900561675329e-09
1.546914020355865617e-09
1.545955729223978552e-09
1.544998759748300518e-09
1.544042739150040053e-09
1.543087663180219127e-09
1.542133160198410998e-09
1.541179960965554358e-09
1.540227694765842472e-09
1.539276363109476769e-09
1.538325968658489897e-09
1.537376147816225122e-09
1.536427635987966272e-09
1.535480069350943072e-09
1.534533450567178656e-09
1.533587416942182274e-09
1.532642702075967352e-09
1.531698943048833084e-09
1.530756142522789991e-09
1.529814303159847558e-09
1.528873063388111832e-09
1.527933153092077527e-09
1.526994203130079575e-09
1.526056207349282018e-09
1.525118796256926905e-09
1.524182690602970405e-09
1.523247520671514737e-09
1.522313280309748554e-09
1.521379963364865060e-09
1.520447201456567031e-09
1.519515713108883326e-09
1.518585129719483247e-09
1.517655445135586054e-09
1.516726653204415555e-09
1.515798388217719162e-09
1.514871374309513864e-09
1.513945253375609995e-09
1.513020028653279179e-09
1.512095703379791176e-09
1.511171920773606540e-09
1.510249404329295043e-09
1.509327797045400932e-09
1.508407102159180528e-09
1.507486963766551032e-09
1.506568103606258814e-09
1.505650165555172067e-09
1.504733152850535326e-09
1.503817067424809385e-09
1.502901905991339318e-09
1.501987306126992215e-09
1.501073979121255858e-09
1.500161562333283815e-09
1.499250051171659961e-09
1.498339441044973758e-09
1.497429370615481885e-09
1.496520549000887713e-09
1.495612614646813249e-09
1.494705562961865738e-09
1.493799389354658215e-09
1.492893733567526658e-09
1.491989303358771135e-09
1.491085742263813336e-09
1.490183050501682413e-09
1.489281228291406280e-09
1.488380275852013886e-09
1.487479839025466702e-09
1.486580626999069764e-09
1.485682285400431648e-09
1.484784814448581303e-09
1.483888214362545194e-09
1.482992132052930180e-09
1.482097274568711379e-09
1.481203288607179416e-09
1.480310174150310235e-09
1.479417930231879123e-09
1.478526555648611053e-09
1.477635697164343333e-09
1.476746057853445133e-09
1.475857284267685746e-09
1.474969375203795519e-09
1.474082329458505836e-09
1.473196145828548285e-09
1.472310472345868171e-09
1.471426009547408918e-09
1.470542405254281351e-09
1.469659658263223467e-09
1.468777767343813205e-09
1.467896731156995079e-09
1.467016198832495772e-09
1.466136868221628664e-09
1.465258388244512252e-09
1.464380757534935742e-09
1.463503974726690621e-09
1.462628038453569198e-09
1.461752947349365232e-09
1.460878352005442026e-09
1.460004947348458743e-09
1.459132383761582494e-09
1.458260659878611794e-09
1.457389774403095924e-09
1.456519726317576879e-09
1.455650167876908987e-09
1.454781791935060755e-09
1.453914250539888696e-09
1.453047542743685986e-09
1.452181667598747662e-09
1.451316624157371240e-09
1.450452411471853205e-09
1.449588683240496458e-09
1.448726129429005027e-09
1.447864403530070770e-09
1.447003504595995340e-09
1.446143431742121272e-09
1.445284184335958768e-09
1.444425761808057874e-09
1.443567819668747063e-09
1.442711045393063485e-09
1.441855094287101203e-09
1.440999965781413988e-09
1.440145659306555816e-09
1.439292174293080044e-09
1.438439510171542305e-09
1.437587666372498021e-09
1.436736300033109561e-09
1.435886095373194287e-09
1.435036709054863913e-09
1.434188139146760689e-09
1.433340383445146218e-09
1.432493439746284167e-09
1.431647305846440068e-09
1.430801979541882760e-09
1.429957117949853825e-09
1.429113400425609125e-09
1.428270483885275959e-09
1.427428366125130405e-09
1.426587044941452054e-09
1.425746518130521120e-09
1.424906783488621124e-09
1.424067838983692315e-09
1.423229344193397505e-09
1.422391976297175636e-09
1.421555394844741570e-09
1.420719598662318160e-09
1.419884586576129084e-09
1.419050357412398436e-09
1.418216909997352791e-09
1.417384243157218311e-09
1.416552355718223431e-09
1.415720909217738054e-09
1.414890577257452653e-09
1.414061021176812455e-09
1.413232240135342816e-09
1.412404234625735048e-09
1.411577005473974901e-09
1.410750553506044610e-09
1.409924879547927237e-09
1.409099984425604396e-09
1.408275533449224415e-09
1.407452198672508513e-09
1.406629645209341320e-09
1.405807873885701557e-09
1.404986885527566700e-09
1.404166680960913402e-09
1.403347261011717487e-09
1.402528625890195119e-09
1.401710773343521969e-09
1.400893700503118596e-09
1.400077070936949305e-09
1.399261549097568764e-09
1.398446798358547629e-09
1.397632815851317835e-09
1.396819598707312556e-09
1.396007144057968069e-09
1.395195449034723753e-09
1.394384510769021262e-09
1.393574326392305558e-09
1.392764893036023878e-09
1.391956208365442813e-09
1.391147940744027686e-09
1.390340753572502499e-09
1.389534315555738967e-09
1.388728627028088247e-09
1.387923688323901707e-09
1.387119499777529887e-09
1.386316061723323739e-09
1.385513374495632563e-09
1.384711438428806690e-09
1.383910253857195007e-09
1.383109821115147432e-09
1.382310140537012229e-09
1.381511212160619471e-09
1.380712705885722289e-09
1.379915278361470177e-09
1.379118599001015689e-09
1.378322666359599378e-09
1.377527478992463865e-09
1.376733035454853008e-09
1.375939334302011911e-09
1.375146374089187948e-09
1.374354153371628910e-09
1.373562670704583620e-09
1.372771924643303590e-09
1.371981913743040745e-09
1.371192636595798027e-09
1.370404091940579742e-09
1.369615952243750390e-09
1.368828869087289376e-09
1.368042514749945264e-09
1.367256888007477924e-09
1.366471987635646402e-09
1.365687812410211397e-09
1.364904361106934849e-09
1.364121632501579319e-09
1.363339625369910055e-09
1.362558338487691686e-09
1.361777770630690908e-09
1.360997920585279701e-09
1.360218787180247450e-09
1.359440369254988000e-09
1.358662665648897881e-09
1.357885675201373831e-09
1.357109396751812587e-09
1.356333505993366378e-09
1.355558648242463715e-09
1.354784499007555460e-09
1.354011057128045175e-09
1.353238321443336216e-09
1.352466290792832765e-09
1.351694964015941693e-09
1.350924340296732043e-09
1.350154420197925480e-09
1.349385204626905429e-09
1.348616694491053867e-09
1.347848890697753597e-09
1.347081794154384942e-09
1.346315405768327811e-09
1.345549726446961285e-09
1.344784757097664033e-09
1.344020498627812862e-09
1.343256951944784991e-09
1.342494117955955574e-09
1.341731997568699763e-09
1.340970591151112103e-09
1.340209896914169261e-09
1.339449912529571432e-09
1.338690316724436568e-09
1.337931745240291593e-09
1.337173876623437119e-09
1.336416708545582027e-09
1.335660238678438300e-09
1.334904464693718954e-09
1.334149384263140107e-09
1.333394995058420152e-09
1.332641294751278722e-09
1.331888281013438969e-09
1.331135951639883256e-09
1.330384304918628545e-09
1.329633339260950599e-09
1.328883053078127042e-09
1.328133444781437567e-09
1.327384512782162486e-09
1.326636255491584594e-09
1.325888671320986892e-09
1.325141758681654862e-09
1.324395515984875642e-09
1.323649941641936782e-09
1.322905034064128935e-09
1.322160791662742752e-09
1.321417213313723122e-09
1.320674299751623590e-09
1.319932052175648010e-09
1.319190471784999199e-09
1.318449559778879770e-09
1.317709317356489646e-09
1.316969745717029783e-09
1.316230846059697416e-09
1.315492619583690194e-09
1.314755067488204111e-09
1.314018190972434954e-09
1.313281991235576236e-09
1.312546469476821056e-09
1.311811626209742488e-09
1.311077459205443848e-09
1.310343965549413185e-09
1.309611142327140822e-09
1.308878986624119977e-09
1.308147495525845523e-09
1.307416666117817502e-09
1.306686495485537403e-09
1.305956980714508992e-09
1.305228118890239549e-09
1.304499907098238630e-09
1.303772342424019717e-09
1.303045421953097536e-09
1.302319143614013102e-09
1.301593508707399570e-09
1.300868519376911418e-09
1.300144177766200440e-09
1.299420486018916773e-09
1.298697446278708074e-09
1.297975060689220965e-09
1.297253331394099794e-09
1.296532260536985394e-09
1.295811850261517768e-09
1.295092102711335682e-09
1.294373020030074177e-09
1.293654604361367054e-09
1.292936856708909893e-09
1.292219773516651791e-09
1.291503350088609417e-09
1.290787581728803779e-09
1.290072463741261263e-09
1.289357991430011565e-09
1.288644160099089548e-09
1.287930965052534422e-09
1.287218401594389735e-09
1.286506465028703174e-09
1.285795150659528008e-09
1.285084453790921023e-09
1.284374369726943553e-09
1.283664895031577703e-09
1.282956031308470254e-09
1.282247781421182969e-09
1.281540148233274300e-09
1.280833134608299600e-09
1.280126743409811736e-09
1.279420977501360686e-09
1.278715839746494560e-09
1.278011333008757545e-09
1.277307460151691962e-09
1.276604224038836827e-09
1.275901627533728879e-09
1.275199673499901756e-09
1.274498363646102774e-09
1.273797695061941409e-09
1.273097663682247640e-09
1.272398265441853719e-09
1.271699496275597691e-09
1.271001352118319667e-09
1.270303828904864721e-09
1.269606922570081238e-09
1.268910629048822149e-09
1.268214944275943283e-09
1.267519864186305638e-09
1.266825384714772073e-09
1.266131501796212477e-09
1.265438513975680149e-09
1.264745819577935634e-09
1.264053722866872573e-09
1.263362226441834491e-09
1.262671332902162842e-09
1.261981044847197222e-09
1.261291364876274538e-09
1.260602295588728800e-09
1.259913839583891124e-09
1.259225999461091180e-09
1.258538777819655740e-09
1.257852177258909717e-09
1.257166200378173266e-09
1.256480848716997426e-09
1.255796119575848076e-09
1.255112009195426524e-09
1.254428513816436563e-09
1.253745629679584880e-09
1.253063353025583330e-09
1.252381680095146460e-09
1.251700607128991708e-09
1.251020130367841685e-09
1.250340246052421068e-09
1.249660950423459499e-09
1.248982537302007853e-09
1.248304407606665726e-09
1.247626856344346456e-09
1.246949884876880499e-09
1.246273495590316241e-09
1.245597690870698345e-09
1.244922473104069612e-09
1.244247844676470570e-09
1.243573807973939679e-09
1.242900365382513329e-09
1.242227519288224810e-09
1.241555272077105756e-09
1.240883626135185736e-09
1.240212583848491421e-09
1.239542147603047001e-09
1.238872318764302468e-09
1.238203094615410397e-09
1.237534471418954747e-09
1.236866740132346256e-09
1.236199307469575881e-09
1.235532464547152625e-09
1.234866207627674301e-09
1.234200532973740587e-09
1.233535436847954674e-09
1.232870915512925129e-09
1.232206965231261969e-09
1.231543582265579551e-09
1.230880762878496164e-09
1.230218504028379152e-09
