5.266227251662808511e-08
6.394308551742110996e-08
7.362555489009060692e-08
8.202485644116934372e-08
8.934641804676032716e-08
9.578640760078987059e-08
1.014845807422746754e-07
1.065567149362005827e-07
1.110734017031289616e-07
1.151325994495596172e-07
1.187394081016337493e-07
1.220013526857705148e-07
1.249072924521948074e-07
1.275341743594681087e-07
1.298948602781600425e-07
1.319905271828743457e-07
1.338832243618344761e-07
1.355775418686173856e-07
1.370769515847893347e-07
1.384074814075159428e-07
1.395921562205547868e-07
1.406371172117434847e-07
1.415482754260927339e-07
1.423432135877053910e-07
1.430169704524926632e-07
1.435965253749966094e-07
1.440823879110042176e-07
1.444772888274445326e-07
1.447947964646194042e-07
1.450226412769996351e-07
1.451890516911302769e-07
1.452909400532409387e-07
1.453328609379417015e-07
1.453189310408278552e-07
1.452493748084543677e-07
1.451270433199466287e-07
1.449607864792759525e-07
1.447540602270364146e-07
1.445084913622573506e-07
1.442259279921306544e-07
1.439085737524166750e-07
1.435585071263024131e-07
1.431769712794746162e-07
1.427656700529375376e-07
1.423285027274925343e-07
1.418693526327358791e-07
1.413888110888302765e-07
1.408869919517831593e-07
1.403655009237956659e-07
1.398259802144870637e-07
1.392686221631025267e-07
1.386941001735836297e-07
1.381052895430929033e-07
1.375050643597722746e-07
1.368938131835156087e-07
1.362713024416820482e-07
1.356379855436617033e-07
1.349946337693400323e-07
1.343424198865063079e-07
1.336825878876207320e-07
1.330157881597513171e-07
1.323425611166625145e-07
1.316633552742304601e-07
1.309787870315157064e-07
1.302893569147615997e-07
1.295956667662139577e-07
1.288982943590017608e-07
1.281978324132683745e-07
1.274948735727301487e-07
1.267899689137108272e-07
1.260834443168439508e-07
1.253755697537192404e-07
1.246666446226439863e-07
1.239568675117223523e-07
1.232465861397132660e-07
1.225361200520756565e-07
1.218257218920067064e-07
1.211157444729991145e-07
1.204064980725193937e-07
1.196982655581795973e-07
1.189913750737317501e-07
1.182860266776062205e-07
1.175823409955710829e-07
1.168805764068573572e-07
1.161808274302078297e-07
1.154833254281081236e-07
1.147882071786995782e-07
1.140956097316682270e-07
1.134056300912935793e-07
1.127183526531489820e-07
1.120338888009009123e-07
1.113523371620028416e-07
1.106738356619391216e-07
1.099984448166049687e-07
1.093263159627834408e-07
1.086575490214426104e-07
1.079922444714380146e-07
1.073305158895382361e-07
1.066724895776857784e-07
1.060182527126621463e-07
1.053678235069401141e-07
1.047212924901054416e-07
1.040786395098763291e-07
1.034399064042696301e-07
1.028051230172215919e-07
1.021743195145097867e-07
1.015475382657601958e-07
1.009248334875763729e-07
1.003061886921685557e-07
9.969168221531073416e-08
9.908132196583746951e-08
9.847515132251874506e-08
9.787320718576566975e-08
9.727548906152901879e-08
9.668201293121379037e-08
9.609274951404677434e-08
9.550768158529791851e-08
9.492685927231633294e-08
9.435024319200159286e-08
9.377783905357804272e-08
9.320967447462189630e-08
9.264571139974856213e-08
9.208598847078570741e-08
9.153047917199328599e-08
9.097917914757362478e-08
9.043212402882846052e-08
8.988927441553668848e-08
8.935062041408275185e-08
8.881615217742575625e-08
8.828584953936130068e-08
8.775970292746446026e-08
8.723770281284707570e-08
8.671984989528670016e-08
8.620609405100700853e-08
8.569645661315459224e-08
8.519090820551349511e-08
8.468942990892535945e-08
8.419204264589066429e-08
8.369870400380800754e-08
8.320938696877483362e-08
8.272406090305953067e-08
8.224269521187365436e-08
8.176524972978776627e-08
8.129169411103622491e-08
8.082201705724063650e-08
8.035615017647097314e-08
7.989410114975052456e-08
7.943579274936038425e-08
7.898123246225918372e-08
7.853037153703218787e-08
7.808316167633970168e-08
7.763961141670465201e-08
7.719965304578422356e-08
7.676330277941214403e-08
7.633052215077121301e-08
7.590129099181258876e-08
7.547557139281638574e-08
7.505338771234457542e-08
7.463466670258412969e-08
7.421940621684443288e-08
7.380760374552225311e-08
7.339920456280596608e-08
7.299420630299517759e-08
7.259258914676439121e-08
7.219433164697596844e-08
7.179939731734117566e-08
7.140775664015412468e-08
7.101939685511069288e-08
7.063425493458848378e-08
7.025231825527422507e-08
6.987356562634897289e-08
6.949794294551174333e-08
6.912543738786389297e-08
6.875602769903706345e-08
6.838966829364328649e-08
6.802631394872892759e-08
6.766596765589469981e-08
6.730858470502784434e-08
6.695412297349870948e-08
6.660258835899289705e-08
6.625392362702636066e-08
6.590811883996964690e-08
6.556515602234879414e-08
6.522499398138624731e-08
6.488759951098838122e-08
6.455297003108194623e-08
6.422104948555325491e-08
6.389184274381055751e-08
6.356530908611566558e-08
6.324140811343100078e-08
6.292015211250735545e-08
6.260146564273197381e-08
6.228537026268021353e-08
6.197183547180462188e-08
6.166080182736501905e-08
6.135229026311082572e-08
6.104625602225179876e-08
6.074267629663025585e-08
6.044152828933990478e-08
6.014278921462214804e-08
5.984645042603599615e-08
5.955246083453828869e-08
5.926082587609641208e-08
5.897149416476058504e-08
5.868445406199964568e-08
5.839969307752930111e-08
5.811715729601864974e-08
5.783683431579144250e-08
5.755869788939094618e-08
5.728270825134170478e-08
5.700887302933310867e-08
5.673712551687637616e-08
5.646745980026483973e-08
5.619984968295149032e-08
5.593426237194674596e-08
5.567067178339982244e-08
5.540906715733753618e-08
5.514940731083885082e-08
5.489169916957966156e-08
5.463593639408018591e-08
5.438208040913093841e-08
5.413013149226174808e-08
5.388007695791443823e-08
5.363191680036933948e-08
5.338561294024612504e-08
5.314116544163920892e-08
5.289856164233620418e-08
5.265778888585394227e-08
5.241884071622264128e-08
5.218168460761282678e-08
5.194632616382036624e-08
5.171272647402496878e-08
5.148085913240899195e-08
5.125071602012126991e-08
5.102228277703920926e-08
5.079552092503419922e-08
5.057042220088150433e-08
5.034697218378405899e-08
5.012513857741171747e-08
4.990489519944240967e-08
4.968623359837316805e-08
4.946912757596809250e-08
4.925356958862869581e-08
4.903952141139848005e-08
4.882699248978145110e-08
4.861595163302712602e-08
4.840639657262637090e-08
4.819830774804918108e-08
4.799167137615595141e-08
4.778648498051255879e-08
4.758271213174477574e-08
4.738036161660432156e-08
4.717939720444865280e-08
4.697982749925298055e-08
4.678161646636656511e-08
4.658476168586263800e-08
4.638926126436957720e-08
4.619508051899026551e-08
4.600222867007445405e-08
4.581067122384094681e-08
4.562041722601170834e-08
4.543143236936333826e-08
4.524371482160387948e-08
4.505725191474493477e-08
4.487203629314227870e-08
4.468804465516586671e-08
4.450526967319469155e-08
4.432368820230156413e-08
4.414330879807713540e-08
4.396409880745387094e-08
4.378605719264216641e-08
4.360918791148331395e-08
4.343343813582511117e-08
4.325883249291382657e-08
4.308534914530064761e-08
4.291296642200158591e-08
4.274168810961944350e-08
4.257149256210712021e-08
4.240236331480948744e-08
4.223430897943130912e-08
4.206729801907398864e-08
4.190133467890138034e-08
4.173639137367878170e-08
4.157248586688517182e-08
4.140959632216513194e-08
4.124771578428369267e-08
4.108683243528226614e-08
4.092694906966312634e-08
4.076806350643551503e-08
4.061015906830295552e-08
4.045322401795313159e-08
4.029726577755540912e-08
4.014226778630362851e-08
3.998821836589778909e-08
3.983512350773452619e-08
3.968295101357286221e-08
3.953170983208711982e-08
3.938137125163223624e-08
3.923191142129379790e-08
3.908333440175749479e-08
3.893561631071834217e-08
3.878873800089444692e-08
3.864269870128822353e-08
3.849747464040539690e-08
3.835305127036652342e-08
3.820940499431446500e-08
3.806654391170695936e-08
3.792444251868714799e-08
3.778309065053741414e-08
3.764250769255665683e-08
3.750268611297192172e-08
3.736362736406694326e-08
3.722532407958529818e-08
3.708780416947497879e-08
3.695103387608622208e-08
3.681503665184220572e-08
3.667981824795287756e-08
3.654537136513140891e-08
3.641168883161040483e-08
3.627878938902551606e-08
3.614666385945583136e-08
3.601529528865719492e-08
3.588469038030549198e-08
3.575482170386940792e-08
3.562569584250338851e-08
3.549728549072717316e-08
3.536959711250951264e-08
3.524260352600731715e-08
3.511631107730030432e-08
3.499069685293392255e-08
3.486575464397799084e-08
3.474147406690086455e-08
3.461784473937987312e-08
3.449485754085659922e-08
3.437250024756866454e-08
3.425078636515246056e-08
3.412969681366697373e-08
3.400924498520572818e-08
3.388941593159876773e-08
3.377021088374416723e-08
3.365162702855738434e-08
3.353366155357748487e-08
3.341630372601447171e-08
3.329956660408319302e-08
3.318343942854265238e-08
3.306791547001500710e-08
3.295298752433381231e-08
3.283866578472471680e-08
3.272492866872075970e-08
3.261178573362836670e-08
3.249921935821302500e-08
3.238722743770744558e-08
3.227580398920847701e-08
3.216493921774117553e-08
3.205463098082840484e-08
3.194487329768179671e-08
3.183565264028627640e-08
3.172697815098229580e-08
3.161883252907064189e-08
3.151120623356837192e-08
3.140410892737574533e-08
3.129752423310129710e-08
3.119145071684207978e-08
3.108587583865224553e-08
3.098081287017332248e-08
3.087623090703836782e-08
3.077214682071137137e-08
3.066854446225189424e-08
3.056542232638998316e-08
3.046277524773468139e-08
3.036059446164056563e-08
3.025887842787342647e-08
3.015761586285740618e-08
3.005682465463583144e-08
2.995648085983532865e-08
2.985660689144598900e-08
2.975719312193224401e-08
2.965824413270860740e-08
2.955975394263566872e-08
2.946173413218873661e-08
2.936418221429349167e-08
2.926709227757532344e-08
2.917047579897236237e-08
2.907433377477788009e-08
2.897865001841497130e-08
2.888344531929041036e-08
2.878870575107958509e-08
2.869443020531020526e-08
2.860060735329693898e-08
2.850724286020447450e-08
2.841433214929568353e-08
2.832185384913966697e-08
2.822982363724076836e-08
2.813822689393996045e-08
2.804705578326825465e-08
2.795631909200430988e-08
2.786600229933129917e-08
2.777610089691298588e-08
2.768661391245298512e-08
2.759753151816209823e-08
2.750886053755598031e-08
2.742059140571527866e-08
2.733272436823299096e-08
2.724525639759573912e-08
2.715818124509780651e-08
2.707149591480511577e-08
2.698519420975291483e-08
2.689928592884238010e-08
2.681375844272269759e-08
2.672860875630486411e-08
2.664383703547171279e-08
2.655943392647678496e-08
2.647540575083231903e-08
2.639174929086608325e-08
2.630844572363062892e-08
2.622551064813034325e-08
2.614292531063269432e-08
2.606070516362427552e-08
2.597882844027293797e-08
2.589729511427985713e-08
2.581611430957154119e-08
2.573527362305058522e-08
2.565476989842797455e-08
2.557460301398886316e-08
2.549477050104133002e-08
2.541526370695601584e-08
2.533610186337326014e-08
2.525726801474621679e-08
2.517876634260472819e-08
2.510060992615270535e-08
2.502279091276146090e-08
2.494531044049169441e-08
2.486817554916063364e-08
2.479137261313506541e-08
2.471492044862093961e-08
2.463881134101728348e-08
2.456304642838349955e-08
2.448762617175830086e-08
2.441255122131784811e-08
2.433781862683639700e-08
2.426342255906686746e-08
2.418936009477995074e-08
2.411562831086526019e-08
2.404222713755027328e-08
2.396915362603144378e-08
2.389639631994338740e-08
2.382396931269496975e-08
2.375185266617554340e-08
2.368004631977028582e-08
2.360855858447141588e-08
2.353737826821630701e-08
2.346650338075870840e-08
2.339593211820197013e-08
2.332566821362619256e-08
2.325569601272964024e-08
2.318603029781888158e-08
2.311666096012675014e-08
2.304758619631462525e-08
2.297880420311202613e-08
2.291031589662877690e-08
2.284211402703716290e-08
2.277420492510122924e-08
2.270658134940167462e-08
2.263924135622060841e-08
2.257218243795995405e-08
2.250540461752792603e-08
2.243889989585998699e-08
2.237267361534904408e-08
2.230671778518772164e-08
2.224102975746463914e-08
2.217560688436371384e-08
2.211044914282549945e-08
2.204554862822124791e-08
2.198091054405442812e-08
2.191652699374819714e-08
2.185239533014120554e-08
2.178851372388078659e-08
2.172488877457044165e-08
2.166150983876281005e-08
2.159839462733470873e-08
2.153553766242076286e-08
2.147294120316401636e-08
2.141060750863009898e-08
2.134853883780712040e-08
2.128674250393864987e-08
2.122520812274211165e-08
2.116395309421774619e-08
2.110297209573869948e-08
2.104226738610211167e-08
2.098184012519952386e-08
2.092168707759888842e-08
2.086180390916346099e-08
2.080218875570524637e-08
2.074283726229478357e-08
2.068374261854704614e-08
2.062489559344917047e-08
2.056630654664898341e-08
2.050795645215260942e-08
2.044984587462689314e-08
2.039197290248548371e-08
2.033432835374493110e-08
2.027691513917859040e-08
2.021972497110346779e-08
2.016275795254282076e-08
2.010601507354050857e-08
2.004950208548121932e-08
1.999321044227135128e-08
1.993714827599981551e-08
1.988131183521043628e-08
1.982570919218342604e-08
1.977033660217503083e-08
1.971519505517509502e-08
1.966028554114316829e-08
1.960561370625041951e-08
1.955117121501771464e-08
1.949696526583155747e-08
1.944298833203563181e-08
1.938924367471154255e-08
1.933572299803702392e-08
1.928242263680572157e-08
1.922933892591908924e-08
1.917646820038638547e-08
1.912381133744324111e-08
1.907135331080531241e-08
1.901910406359446920e-08
1.896705311821448641e-08
1.891519681035133901e-08
1.886352699533487751e-08
1.881205467203421384e-08
1.876076884296328866e-08
1.870967765398380185e-08
1.865878477039241935e-08
1.860809606735443647e-08
1.855761519201694566e-08
1.850733919745789248e-08
1.845728055271849305e-08
1.840743851474057670e-08
1.835781674835105680e-08
1.830841891827574210e-08
1.825925302643487208e-08
1.821031405116581905e-08
1.816161012000272662e-08
1.811313036290239214e-08
1.806487264110722929e-08
1.801682404799709742e-08
1.796897599134074836e-08
1.792131987913543102e-08
1.787384711960687151e-08
1.782654912120931287e-08
1.777941729262545548e-08
1.773244725523451541e-08
1.768561988145831638e-08
1.763893920147526385e-08
1.759239030627454542e-08
1.754596328148974959e-08
1.749967210462538643e-08
1.745352107019936576e-08
1.740751865179052411e-08
1.736167744736235013e-08
1.731599767002872047e-08
1.727049192818510546e-08
1.722517074066772953e-08
1.718003848237142094e-08
1.713510974797482230e-08
1.709038891743261905e-08
1.704588446274066225e-08
1.700160485568537737e-08
1.695755609574695608e-08
1.691373429393104677e-08
1.687013308927298874e-08
1.682674612096520946e-08
1.678357101594153611e-08
1.674059143965446576e-08
1.669781297931039472e-08
1.665522329348845337e-08
1.661281207518521616e-08
1.657058086888907909e-08
1.652851935784796882e-08
1.648662118262315451e-08
1.644487998392691867e-08
1.640329058600992874e-08
1.636185643438908941e-08
1.632057048531217219e-08
1.627944124556998353e-08
1.623845978133628798e-08
1.619763842357564775e-08
1.615696827242589309e-08
1.611645775689750478e-08
1.607610376958099330e-08
1.603590705174338549e-08
1.599586834463474441e-08
1.595598838948816927e-08
1.591626792751977562e-08
1.587671116019576890e-08
1.583730971243229226e-08
1.579806623337558778e-08
1.575898146255799193e-08
1.572005051787369786e-08
1.568127786981656078e-08
1.564265864105632575e-08
1.560419169898687434e-08
1.556587221211174481e-08
1.552770645475343810e-08
1.548968958638047656e-08
1.545182414635896041e-08
1.541410164951617385e-08
1.537652474095846843e-08
1.533909277180968047e-08
1.530180882622205777e-08
1.526466325689557683e-08
1.522766640745316728e-08
1.519081227142695973e-08
1.515409669553679873e-08
1.511752633902117634e-08
1.508109703991756815e-08
1.504480824625885000e-08
1.500865940608938889e-08
1.497264996746504965e-08
1.493677937845319161e-08
1.490104706274214311e-08
1.486545587930214527e-08
1.482999805582415519e-08
1.479467643535727169e-08
1.475949207354460974e-08
1.472444076033262478e-08
1.468952704667685331e-08
1.465474672680377679e-08
1.462009562801134012e-08
1.458558000973490086e-08
1.455119569108332411e-08
1.451694197404233116e-08
1.448281816061153660e-08
1.444882356898896002e-08
1.441495758212383627e-08
1.438122301715553050e-08
1.434761242928364558e-08
1.431412864367273880e-08
1.428077445367423606e-08
1.424754076911635037e-08
1.421443715993633702e-08
1.418145456357128087e-08
1.414859912835988839e-08
1.411586687519456179e-08
1.408325720341561276e-08
1.405076617275799549e-08
1.401839987489951727e-08
1.398615438891298381e-08
1.395402914660878839e-08
1.392202688888792448e-08
1.389014042185936179e-08
1.385837249403703897e-08
1.382672253727429486e-08
1.379519326242999675e-08
1.376377753593783803e-08
1.373247970821695333e-08
1.370129594334633843e-08
1.367023055835738708e-08
1.363927647911991261e-08
1.360843962899168256e-08
1.357771619069826112e-08
1.354710559634001635e-08
1.351660727802751711e-08
1.348621746217943691e-08
1.345594199951322197e-08
1.342578030062386626e-08
1.339572540780485585e-08
1.336577995173799469e-08
1.333594336459525159e-08
1.330621507855883754e-08
1.327659768179455494e-08
1.324708428755694192e-08
1.321767750141146401e-08
1.318837837486584765e-08
1.315918639187821013e-08
1.313009635466355584e-08
1.310111400697361325e-08
1.307223571513768998e-08
1.304345787294944708e-08
1.301478618300352696e-08
1.298621703228398842e-08
1.295774991527377650e-08
1.292938432646445545e-08
1.290111976035623358e-08
1.287295571145792847e-08
1.284489167912333489e-08
1.281692718206000250e-08
1.278906478412583532e-08
1.276129792168137489e-08
1.273362916521200877e-08
1.270606105890575258e-08
1.267858707860523780e-08
1.265121127885498031e-08
1.262393017242161011e-08
1.259674778463524841e-08
1.256966063158299530e-08
1.254266525511485995e-08
1.251576714899831117e-08
1.248896284988828340e-08
1.246225188747242101e-08
1.243563379264038091e-08
1.240910809628936888e-08
1.238267432932417592e-08
1.235633202265714192e-08
1.233008070720817873e-08
1.230391991390477025e-08
1.227784917368194921e-08
1.225186801748233526e-08
1.222597888295102306e-08
1.220017548153292788e-08
1.217446025703217241e-08
1.214883563851419504e-08
1.212329542264130512e-08
1.209784353123829380e-08
1.207247667422469172e-08
1.204719874625829310e-08
1.202200646034259451e-08
1.199689655344291011e-08
1.197187432546689348e-08
1.194693650743394891e-08
1.192208268866078884e-08
1.189731245847034446e-08
1.187262540619179054e-08
1.184801830415966680e-08
1.182349638303034057e-08
1.179905922215928120e-08
1.177470080331767599e-08
1.175042353600673234e-08
1.172622701855256411e-08
1.170211084928737655e-08
1.167807740321757569e-08
1.165412071966578406e-08
1.163024317935495365e-08
1.160644714030919127e-08
1.158272667592636489e-08
1.155908552410430305e-08
1.153552053199438413e-08
1.151203542014357555e-08
1.148862434629846738e-08
1.146529242517446207e-08
1.144203656528643840e-08
1.141885369727046038e-08
1.139574890268326568e-08
1.137271910666906936e-08
1.134976395502298884e-08
1.132688309354516581e-08
1.130407616804079274e-08
1.128134282432009964e-08
1.125868270819836228e-08
1.123609546549590064e-08
1.121358074214443270e-08
1.119113818450617603e-08
1.116876743905474955e-08
1.114646815226879647e-08
1.112424261584603641e-08
1.110208518058775494e-08
1.107999814347779257e-08
1.105798378050082207e-08
1.103603647397911684e-08
1.101416112421678475e-08
1.099235082743065684e-08
1.097061307964910884e-08
1.094894099521732312e-08
1.092733944120993281e-08
1.090580549628829275e-08
1.088433626776346596e-08
1.086293663282846491e-08
1.084160369370644244e-08
1.082033457291379653e-08
1.079913411722223885e-08
1.077799944410772246e-08
1.075693024917164817e-08
1.073592622801944188e-08
1.071498707626057934e-08
1.069411248950858619e-08
1.067330216338103132e-08
1.065255579546867004e-08
1.063187309124285037e-08
1.061125375814794957e-08
1.059070002218963510e-08
1.057020654884014573e-08
1.054977556899289463e-08
1.052940679010775548e-08
1.050910241883395912e-08
1.048885715946194411e-08
1.046867571305704282e-08
1.044855280314234286e-08
1.042849063157623190e-08
1.040849014349128587e-08
1.038854857396197356e-08
1.036866936261589373e-08
1.034884977321263663e-08
1.032908708836673768e-08
1.030938596471563373e-08
1.028974368018862151e-08
1.027015753140126090e-08
1.025063214697639973e-08
1.023116481888624765e-08
1.021175528621211561e-08
1.019240328803852073e-08
1.017310856345320778e-08
1.015387085154713429e-08
1.013468989251701466e-08
1.011556543097284480e-08
1.009649721263030139e-08
1.007748498320819610e-08
1.005852848842847729e-08
1.003962747401623164e-08
1.002078168569968578e-08
1.000199086921020801e-08
9.983257144617010533e-09
9.964575504552547886e-09
9.945948073540939193e-09
9.927374597326039857e-09
9.908857178323479325e-09
9.890390849725730967e-09
9.871980092085139778e-09
9.853619981959825843e-09
9.835314987583520595e-09
9.817059035521982765e-09
9.798858913658571993e-09
9.780708563735065011e-09
9.762612419319777623e-09
9.744565609001329206e-09
9.726572549163821557e-09
9.708630694665018424e-09
9.690737517432567959e-09
9.672897408257459881e-09
9.655107837638101630e-09
9.637368596455769875e-09
9.619679478408369026e-09
9.602037993384834237e-09
9.584448506887475388e-09
9.566908524621091668e-09
9.549417840293035543e-09
9.531976247613000402e-09
9.514583540293038750e-09
9.497239512047552288e-09
9.479943956593291908e-09
9.462696667649357695e-09
9.445499685573591281e-09
9.428348309940965914e-09
9.411244601183613647e-09
9.394188372212017215e-09
9.377179435938795135e-09
9.360219831662298057e-09
9.343304915515225844e-09
9.326436730828252655e-09
9.309617304888408210e-09
9.292842017903234293e-09
9.276112901158806654e-09
9.259431970029855877e-09
9.242794628600308490e-09
9.226205090767015192e-09
9.209657681733436202e-09
9.193158795346617042e-09
9.176702773688701199e-09
9.160293802974165928e-09
9.143929513214911452e-09
9.127607549993181264e-09
9.111332076176769524e-09
9.095100733475582874e-09
9.078911179043344027e-09
9.062767552590935820e-09
9.046667507431180288e-09
9.030610860297208277e-09
9.014595283626126890e-09
8.998624891998135585e-09
8.982697381321101656e-09
8.966812601060013734e-09
8.950970400681425474e-09
8.935170629653467141e-09
8.919413137445840641e-09
8.903697773529817867e-09
8.888024387378250630e-09
8.872392828465549149e-09
8.856802946267708519e-09
8.841254590262288862e-09
8.825747609928420290e-09
8.810283950516090720e-09
8.794859264668518845e-09
8.779475493128314288e-09
8.764132475560229961e-09
8.748830051630688025e-09
8.733570138555243309e-09
8.718348417293220791e-09
8.703166808688576588e-09
8.688027219143811669e-09
8.672925351287777442e-09
8.657863115122808655e-09
8.642842406323361768e-09
8.627858949017443538e-09
8.612916691338885304e-09
8.598010353382829019e-09
8.583145938209004448e-09
8.568318200315483258e-09
8.553531085928674543e-09
8.538780388081223085e-09
8.524070038950829841e-09
8.509397869885205760e-09
8.494761726193644650e-09
8.480165519117340371e-09
8.465607090491666388e-09
8.451084296005378833e-09
8.436601026125480470e-09
8.422155133093710311e-09
8.407746484780187921e-09
8.393374955984592863e-09
8.379038429909397547e-09
8.364740773146288707e-09
8.350479865494745838e-09
8.336255583491266399e-09
8.322067803673515830e-09
8.307916402580335823e-09
8.293801256751734391e-09
8.279722242728902418e-09
8.265679237054188841e-09
8.251672116271130427e-09
8.237700756924421996e-09
8.223765035632865480e-09
8.209864829308097981e-09
8.196000014935858753e-09
8.182170469503041788e-09
8.168378013282049494e-09
8.154618633424679533e-09
8.140894153482736516e-09
8.127204450447766503e-09
8.113549401312481877e-09
8.099930810093738441e-09
8.086344696512994759e-09
8.072792867825227564e-09
8.059277118392232101e-09
8.045793490798032652e-09
8.032343800206470037e-09
8.018929852502890223e-09
8.005547727058393487e-09
7.992201134375708137e-09
7.978886166544623844e-09
7.965606521384799573e-09
7.952357357659778098e-09
7.939144254101788126e-09
7.925962380492184925e-09
7.912815409474899134e-09
7.899699470914608892e-09
7.886618224961804997e-09
7.873567812793363389e-09
7.860551876360537459e-09
7.847568430540674466e-09
7.834615502567411656e-09
7.821696714708219002e-09
7.808810091121344062e-09
7.795955523031002691e-09
7.783131049907298395e-09
7.770340269525606164e-09
7.757581218311137962e-09
7.744853787491863393e-09
7.732157868296670228e-09
7.719491515321298056e-09
7.706858298080390361e-09
7.694256278231971166e-09
7.681685359092146304e-09
7.669145443977842172e-09
7.656636436206812344e-09
7.644158239097637578e-09
7.631710755969729121e-09
7.619293890143313818e-09
7.606907544939455622e-09
7.594551623680044014e-09
7.582226029687785726e-09
7.569930666286222945e-09
7.557665436799720074e-09
7.545430247061797953e-09
7.533225012940047174e-09
7.521051442292882620e-09
7.508905871648102654e-09
7.496790011758541276e-09
7.484703781002897658e-09
7.472647097760574077e-09
7.460621655533987954e-09
7.448623819608416758e-09
7.436655286345514554e-09
7.424715974127450535e-09
7.412807565097589502e-09
7.400926447295351946e-09
7.389074303710021399e-09
7.377252798110636763e-09
7.365458323543977043e-09
7.353692544604549487e-09
7.341957114690955209e-09
7.330248443647316501e-09
7.318569929029501027e-09
7.306917991811955854e-09
7.295296018450242255e-09
7.283699574454894442e-09
7.272133769689889817e-09
7.260594179310987146e-09
7.249084167733957860e-09
7.237600192571390327e-09
7.226145625144563215e-09
7.214718668516230456e-09
7.203317536625585037e-09
7.191945588050964952e-09
7.180601034023531027e-09
7.169282096572486274e-09
7.157992118081658914e-09
7.146729317891744570e-09
7.135491926063683057e-09
7.124283268903484850e-09
7.113101573802955771e-09
7.101946768684928979e-09
7.090817092943307336e-09
7.079715845196008749e-09
7.068641255762538114e-09
7.057593244850961603e-09
7.046571732669950886e-09
7.035576639428784783e-09
7.024606213829292102e-09
7.013663721698671616e-09
7.002747409133149748e-09
6.991857196344451290e-09
6.980993003544903223e-09
6.970154750947445468e-09
6.959342358765617652e-09
6.948555748993334979e-09
6.937794850744158750e-09
6.927059594911953053e-09
6.916349912391100617e-09
6.905665734076511082e-09
6.895006990863619353e-09
6.884373613648390553e-09
6.873765533327307623e-09
6.863182680797381244e-09
6.852626617590862916e-09
6.842094010833170406e-09
6.831586424566761341e-09
6.821103789690731725e-09
6.810646036368919876e-09
6.800214710000492301e-09
6.789806498241966851e-09
6.779422948237360682e-09
6.769063986473797685e-09
6.758729539438950175e-09
6.748421139489093404e-09
6.738135498932413271e-09
6.727874152576611702e-09
6.717638625463295954e-09
6.707425644552220050e-09
6.697236737319102547e-09
6.687073421542526078e-09
6.676932441743175744e-09
6.666816919652859874e-09
6.656723624497830708e-09
6.646654089725150028e-09
6.636609839198207224e-09
6.626587656520589124e-09
6.616590642478555877e-09
6.606615590204288881e-09
6.596664806080170544e-09
6.586736663700547933e-09
6.576833458805320857e-09
6.566952003449701912e-09
6.557095370040023013e-09
6.547260377281669056e-09
6.537450074486435843e-09
6.527662829384629912e-09
6.517897019024006248e-09
6.508155675997737664e-09
6.498437175033517852e-09
6.488739900111044903e-09
6.479066869947727104e-09
6.469416466219485959e-09
6.459787079789417086e-09
6.450181715596405949e-09
6.440598762215908219e-09
6.431036617346326418e-09
6.421498274369529215e-09
6.411982139338090114e-09
6.402488153132959095e-09
6.393014735243098178e-09
6.383564871581303196e-09
6.374136979385783512e-09
6.364730999539070675e-09
6.355346872924090801e-09
6.345984540424155470e-09
6.336642434930506427e-09
6.327323515527398435e-09
6.318026212886514390e-09
6.308750467892755715e-09
6.299496221746149865e-09
6.290263416906025718e-09
6.281051996146823294e-09
6.271861902243361464e-09
6.262693077970842909e-09
6.253545466104847506e-09
6.244419009421337289e-09
6.235313650696656448e-09
6.226229332707523888e-09
6.217165998231049769e-09
6.208123590044711520e-09
6.199102050926379481e-09
6.190101323654297048e-09
6.181121352189270667e-09
6.172162085221190161e-09
6.163223472622469521e-09
6.154306928914613918e-09
6.145409472558117354e-09
6.136532520195076652e-09
6.127676021699221848e-09
6.118839926944617985e-09
6.110024185805660155e-09
6.101230200188414470e-09
6.092455013819284972e-09
6.083700030695796953e-09
6.074965200693665682e-09
6.066250470666920614e-09
6.057557217031129192e-09
6.048882486170365553e-09
6.040227653545912780e-09
6.031594086380477332e-09
6.022978843417970283e-09
6.014383293934661643e-09
6.005807369677511679e-09
5.997252429707120589e-09
5.988715549115626676e-09
5.980199512257601894e-09
5.971701402343484977e-09
5.963222576406306721e-09
5.954764387679725019e-09
5.946323952840625713e-09
5.937904061696476124e-09
5.929501843222072980e-09
5.921118670003946469e-09
5.912755906648522590e-09
5.904410694101971138e-09
5.896085802222058134e-09
5.887777679246890221e-09
5.879490489390321817e-09
5.871220687802897751e-09
5.862971028544771245e-09
5.854738676261797002e-09
5.846526375189383989e-09
5.838332677436524668e-09
5.830156140934341268e-09
5.821999488319431169e-09
5.813859891865487648e-09
5.805740066452464255e-09
5.797638571952082851e-09
5.789553975949950505e-09
5.781488981756650032e-09
5.773440780931599789e-09
5.765412069115895471e-09
5.757401415813948399e-09
5.749407398157560961e-09
5.741432701159552253e-09
5.733475904108756930e-09
5.725536957397070817e-09
5.717614450584379776e-09
5.709711057606862150e-09
5.701825366141638986e-09
5.693957326581751752e-09
5.686105535979524520e-09
5.678272653272931683e-09
5.670457273648339978e-09
5.662659347499932383e-09
5.654878825222181391e-09
5.647114313139151171e-09
5.639368451880844992e-09
5.631639847185737745e-09
5.623928450960985306e-09
5.616234215114001630e-09
5.608557091552494325e-09
5.600897032184427421e-09
5.593252657653369826e-09
5.585626584210412949e-09
5.578017430682437720e-09
5.570425148978531484e-09
5.562849691008044626e-09
5.555291008680611256e-09
5.547749053906131835e-09
5.540223777704759097e-09
5.532715127536809492e-09
5.525223049972887308e-09
5.517747491583888832e-09
5.510288398941020540e-09
5.502845718615794140e-09
5.495419397180023261e-09
5.488009381205832550e-09
5.480615617265641959e-09
5.473238051932186596e-09
5.465876631778496044e-09
5.458531303377912561e-09
5.451202013304079500e-09
5.443890007398408767e-09
5.436592656579022523e-09
5.429311226007990422e-09
5.422045683357519173e-09
5.414795996300004910e-09
5.407562132508023265e-09
5.400344059654334331e-09
5.393143029096838200e-09
5.385956439430021834e-09
5.378785543724619947e-09
5.371630309654123034e-09
5.364490704892204395e-09
5.357367972291240596e-09
5.350259523497479711e-09
5.343166583154530950e-09
5.336089095053330119e-09
5.329027002985141416e-09
5.321981517506004140e-09
5.314950047207040947e-09
5.307933804320409693e-09
5.300933994398372026e-09
5.293948036053278375e-09
5.286977136502648064e-09
5.280022496327294612e-09
5.273081544096006475e-09
5.266155482044118045e-09
5.259245508840213027e-09
5.252349078081591556e-09
5.245467405216806523e-09
5.238601699142585324e-09
5.231749426312131868e-09
5.224911797255353990e-09
5.218090015992278712e-09
5.211281558741858020e-09
5.204488869973432424e-09
5.197709432381750746e-09
5.190945683974967978e-09
5.184195113896028418e-09
5.177458921320054706e-09
5.170738298544754951e-09
5.164030742013329477e-09
5.157338670916379187e-09
5.150658974599504128e-09
5.143995292706904640e-09
5.137344520142942846e-09
5.130709063394287158e-09
5.124086437498583180e-09
5.117479042630870538e-09
5.110885616696518408e-09
5.104304903879807277e-09
5.097739294938330459e-09
5.091186320607670266e-09
5.084648364842998503e-09
5.078122961826697056e-09
5.071612486508962551e-09
5.065115684406334221e-09
5.058631307222248692e-09
5.052161720627552426e-09
5.045705674784312043e-09
5.039261926002674446e-09
5.032832830732361181e-09
5.026415947269700189e-09
5.020013625949077499e-09
5.013624624610447694e-09
5.007248899101831278e-09
5.000885216607311161e-09
4.994535924039783046e-09
4.988199795803576825e-09
4.981875612336823542e-09
4.975565713249082450e-09
4.969268877475092929e-09
4.962985071343697211e-09
4.956713081277482030e-09
4.950455234906657068e-09
4.944210317162828411e-09
4.937978294375485148e-09
4.931757958902370565e-09
4.925551626493086148e-09
4.919358086874823375e-09
4.913177300618494682e-09
4.907009227143359545e-09
4.900852659246534774e-09
4.894709891053189178e-09
4.888579713896968466e-09
4.882462087197909665e-09
4.876356970376242531e-09
4.870264322852392864e-09
4.864184104046976714e-09
4.858115116922012495e-09
4.852059635256199777e-09
4.846016460568901045e-09
4.839985553656155865e-09
4.833966880812729938e-09
4.827960409708193748e-09
4.821966108012259229e-09
4.815983943394802095e-09
4.810013883525846954e-09
4.804055896075573095e-09
4.798109948714315317e-09
4.792176009112558969e-09
4.786254044940944078e-09
4.780344023870266185e-09
4.774445913571473031e-09
4.768559681715667037e-09
4.762685294600183957e-09
4.756822713026859410e-09
4.750971896423799568e-09
4.745132804219301681e-09
4.739305395841859041e-09
4.733489630720155192e-09
4.727685468283068063e-09
4.721892867959668321e-09
4.716111789179221015e-09
4.710342191371180622e-09
4.704584033965198487e-09
4.698837276391117032e-09
4.693101878078969762e-09
4.687378916560612529e-09
4.681666129439106148e-09
4.675964606846876957e-09
4.670274321701336042e-09
4.664595246920017739e-09
4.658927355420587907e-09
4.653270620120840615e-09
4.647625013938697320e-09
4.641991614851630962e-09
4.636368184321595541e-09
4.630755801666333163e-09
4.625154439804273999e-09
4.619564071653977263e-09
4.613985767135568751e-09
4.608417294059817976e-09
4.602859716687726835e-09
4.597312999554846388e-09
4.591777107196896443e-09
4.586253095952708778e-09
4.580738745441006522e-09
4.575235113314956853e-09
4.569742164110944631e-09
4.564260948937931534e-09
4.558789257886522251e-09
4.553328143369835400e-09
4.547878652600955905e-09
4.542438584836103762e-09
4.537008995409205422e-09
4.531590935848999353e-09
4.526182219991588547e-09
4.520783900654770714e-09
4.515395950565521765e-09
4.510019416122578062e-09
4.504652121433432124e-09
4.499296185297118962e-09
4.493949436927306262e-09
4.488612921446749699e-09
4.483287678896811281e-09
4.477971546113806710e-09
4.472665563751720366e-09
4.467370764794765785e-09
4.462084989732127961e-09
4.456810333169541930e-09
4.451544640624865992e-09
4.446288943171427209e-09
4.441044266878153776e-09
4.435808464770136326e-09
4.430583618942348064e-09
4.425367587401023133e-09
4.420162447269943867e-09
4.414966061517681138e-09
4.409780502315571150e-09
4.404603638613476499e-09
4.399437542837110450e-09
4.394280094049583908e-09
4.389133360798899924e-09
4.383994705206138006e-09
4.378867235229397020e-09
4.373748317266956875e-09
4.368640010091273761e-09
4.363540207430125110e-09
4.358450963195584527e-09
4.353370175967159720e-09
4.348299894814677644e-09
4.343238023151289979e-09
4.338186604390769445e-09
4.333143542602719084e-09
4.328110872235450856e-09
4.323087530534540001e-09
4.318072459529888399e-09
4.313067686493863994e-09
4.308071126625450787e-09
4.303084802435163757e-09
4.298107657143896798e-09
4.293138638712861125e-09
4.288179762542650776e-09
4.283228955683430169e-09
4.278288228817603106e-09
4.273356533101497438e-09
4.268432832448589346e-09
4.263519142586507823e-09
4.258614428272913186e-09
4.253717658936726726e-09
4.248830843299011885e-09
4.243952949624232238e-09
4.239082950822574784e-09
4.234222848646843322e-09
4.229371614849132290e-09
4.224528225801870895e-09
4.219694676327689171e-09
4.214869941647248388e-09
4.210054001709072592e-09
4.205245826518082850e-09
4.200447388570223338e-09
4.195657654536231225e-09
4.190876593410610232e-09
4.186103177561291590e-09
4.181339370369609778e-09
4.176584143068476011e-09
4.171837464652869642e-09
4.167098312011865307e-09
4.162368639477836976e-09
4.157647422812981212e-09
4.152934631012758786e-09
4.148230235083253420e-09
4.143533227572087773e-09
4.138845563654279740e-09
4.134166236771009701e-09
4.129495227981197377e-09
4.124832518343835283e-09
4.120177107973182385e-09
4.115530940923220215e-09
4.110893016201152222e-09
4.106263314866263740e-09
4.101641817977908762e-09
4.097028506595516553e-09
4.092423361778585859e-09
4.087825391834277843e-09
4.083236527895634019e-09
4.078655779659945508e-09
4.074083131167231401e-09
4.069518566457576966e-09
4.064962069571119581e-09
4.060413624548065281e-09
4.055873215428676350e-09
4.051340826253276283e-09
4.046816441062253920e-09
4.042300043896048563e-09
4.037791618795171476e-09
4.033290189523866211e-09
4.028797659653243306e-09
4.024313041422784599e-09
4.019836306328129078e-09
4.015367425865019128e-09
4.010906371529311284e-09
4.006453114816964653e-09
4.002007627224052492e-09
3.997569880246753936e-09
3.993139845381353173e-09
3.988717494124250198e-09
3.984302797971947574e-09
3.979895728421060360e-09
3.975496256968307843e-09
3.971104357948841529e-09
3.966720017051174543e-09
3.962343222802193503e-09
3.957973963728823902e-09
3.953612228358037557e-09
3.949258945503164271e-09
3.944912222084606547e-09
3.940572987951587356e-09
3.936241231631250569e-09
3.931916941650780589e-09
3.927600106537409793e-09
3.923290714818411092e-09
3.918988755021102065e-09
3.914694214453684958e-09
3.910407075547788203e-09
3.906127319515948058e-09
3.901854927570776058e-09
3.897590808919892857e-09
3.893333087773313490e-09
3.889082674353398292e-09
3.884839549873038383e-09
3.880603695545197677e-09
3.876375092582909569e-09
3.872153722199278592e-09
3.867939565607483727e-09
3.863733523961268506e-09
3.859533737651511738e-09
3.855341109121014542e-09
3.851155619928996983e-09
3.846977251634749433e-09
3.842806900759716313e-09
3.838642717948547010e-09
3.834485600715119047e-09
3.830335530618994939e-09
3.826192489219814130e-09
3.822057368103074680e-09
3.817928327794714642e-09
3.813806260864284184e-09
3.809691148871696546e-09
3.805582973800701561e-09
3.801482624461258919e-09
3.797388273719938129e-09
3.793300811786227268e-09
3.789220222762961523e-09
3.785147391997913796e-09
3.781080500136805840e-09
3.777020433496630489e-09
3.772967176180453714e-09
3.768921609676134993e-09
3.764881922356416917e-09
3.760848996671888009e-09
3.756823711232395759e-09
3.752804260757589970e-09
3.748791527742961007e-09
3.744785499805271823e-09
3.740787055252690521e-09
3.736794399369526694e-09
3.732808411415446035e-09
3.728829966854069079e-09
3.724857276663970849e-09
3.720891217255506975e-09
3.716932661261970075e-09
3.712979825327730695e-09
3.709033583028085903e-09
3.705094804180133602e-09
3.701161710602500196e-09
3.697235170733391292e-09
3.693316048808344381e-09
3.689402569939157320e-09
3.685496476831204431e-09
3.681595998320321828e-09
3.677701997711291379e-09
3.673815334600460223e-09
3.669934243386553352e-09
3.666060457503952347e-09
3.662192215044604669e-09
3.658330374681807851e-09
3.654475791411052708e-09
3.650626708926689172e-09
3.646784851895960819e-09
3.642948468103269610e-09
3.639118412141398441e-09
3.635295534955609055e-09
3.631478089801818617e-09
3.627667792313999325e-09
3.623862899380742845e-09
3.620065123009520124e-09
3.616272723709650361e-09
3.612487409874024160e-09
3.608707445620801669e-09
3.604934535740147892e-09
3.601166948508497551e-09
3.597406387931393482e-09
3.593651128676796978e-09
3.589902871732321287e-09
3.586159895339410816e-09
3.582422617396396299e-09
3.578692732208405700e-09
3.574968947644402809e-09
3.571250402072312605e-09
3.567538785812250967e-09
3.563832387756164004e-09
3.560132894691548446e-09
3.556438599037345549e-09
3.552751183877969995e-09
3.549068944237844244e-09
3.545393558781795017e-09
3.541723325856264151e-09
3.538059920627940655e-09
3.534401644935861556e-09
3.530750170459979180e-09
3.527104642373461530e-09
3.523464209322147500e-09
3.519830537777152861e-09
3.516201938259337651e-09
3.512580073781371782e-09
3.508963258317100934e-09
3.505353151835332905e-09
3.501748907588533734e-09
3.498149682665856479e-09
3.494557133902976253e-09
3.490969586277291878e-09
3.487388693205149973e-09
3.483813612630669620e-09
3.480243505903536176e-09
3.476680021331884986e-09
3.473122319416149549e-09
3.469569564045777338e-09
3.466023398445522321e-09
3.462482985659705676e-09
3.458947491505793920e-09
3.455418551152830865e-09
3.451894504621828603e-09
3.448376983123647639e-09
3.444865150318589462e-09
3.441358173212291089e-09
3.437857677997800602e-09
3.434362830846541303e-09
3.430873618215742218e-09
3.427389210434940755e-09
3.423911227044501784e-09
3.420438837545116571e-09
3.416971214745230619e-09
3.413509973800216010e-09
3.410054289575909989e-09
3.406603340806430986e-09
3.403158740591803302e-09
3.399719666845238092e-09
3.396286109483015741e-09
3.392857250510097219e-09
3.389434696479932281e-09
3.386017628581824324e-09
3.382606036732176156e-09
3.379199106185865274e-09
3.375798436991647866e-09
3.372403213593966261e-09
3.369013425872186669e-09
3.365628262124593750e-09
3.362249315713922210e-09
3.358875774096044395e-09
3.355507626964700980e-09
3.352144065789566001e-09
3.348786677511520670e-09
3.345434652800122106e-09
3.342087981349226377e-09
3.338746652852721396e-09
3.335409862762211623e-09
3.332079190048813423e-09
3.328753829370379078e-09
3.325433770621057756e-09
3.322119004495590757e-09
3.318808731596701740e-09
3.315504524189952544e-09
3.312205582090615286e-09
3.308911896193679698e-09
3.305623457394160743e-09
3.302340256587101920e-09
3.299061499074143402e-09
3.295788747716002815e-09
3.292521207034365942e-09
3.289258867924379268e-09
3.286001721281217813e-09
3.282749757635459786e-09
3.279502966059212189e-09
3.276260555091981354e-09
3.273024074547475534e-09
3.269792732193903943e-09
3.266566516738883478e-09
3.263345416890061639e-09
3.260129421355119842e-09
3.256918518841768453e-09
3.253712698057755064e-09
3.250511173669874280e-09
3.247315483228332527e-09
3.244124840638353284e-09
3.240939234873944480e-09
3.237758655973657445e-09
3.234583094242205412e-09
3.231412539984325190e-09
3.228246983504782952e-09
3.225086415108372169e-09
3.221930825099915676e-09
3.218780203784260298e-09
3.215634541466285117e-09
3.212493828450893619e-09
3.209357290794690503e-09
3.206226448044295333e-09
3.203100525510192588e-09
3.199979514040189204e-09
3.196863406653274549e-09
3.193752196911247557e-09
3.190645878375922466e-09
3.187544444609135847e-09
3.184447889172741642e-09
3.181356205628609923e-09
3.178269387538631441e-09
3.175187428464713492e-09
3.172110321968784464e-09
3.169038061612788461e-09
3.165970640958689441e-09
3.162908053568468318e-09
3.159850291972929005e-09
3.156797344578114063e-09
3.153749198758902289e-09
3.150705841890209286e-09
3.147667261346987882e-09
3.144633444504224408e-09
3.141604378736944482e-09
3.138580051420206398e-09
3.135560449929107328e-09
3.132545561638778356e-09
3.129535373924388206e-09
3.126529874161140754e-09
3.123529049724275446e-09
3.120533631823463429e-09
3.117542124511140213e-09
3.114555263322686939e-09
3.111573039968692182e-09
3.108595446159764784e-09
3.105622473606537989e-09
3.102654114019672751e-09
3.099690359109848222e-09
3.096731200587768783e-09
3.093776630164166527e-09
3.090826639549792156e-09
3.087881220455422016e-09
3.084940364591855615e-09
3.082004064061043423e-09
3.079073045775210526e-09
3.076145836603922778e-09
3.073223164548203253e-09
3.070305023665705131e-09
3.067391408014098961e-09
3.064482311651071840e-09
3.061577728634327403e-09
3.058677653021587074e-09
3.055782078870588819e-09
3.052891727254557608e-09
3.050005137513431136e-09
3.047123031408428201e-09
3.044245401701374335e-09
3.041372235970200495e-09
3.038503520496897493e-09
3.035639241563492125e-09
3.032780107681583782e-09
3.029924659994732404e-09
3.027073607695145310e-09
3.024226937065004808e-09
3.021384634386531665e-09
3.018546685941986356e-09
3.015713796181915955e-09
3.012884514378903986e-09
3.010059545657862309e-09
3.007238877557863003e-09
3.004422502644654640e-09
3.001611129552855739e-09
2.998803321812373327e-09
2.995999788727029514e-09
2.993200524119300931e-09
2.990405521811683651e-09
2.987615487108295318e-09
2.984828990205376300e-09
2.982046737071170597e-09
2.979268721528240456e-09
2.976494937399169629e-09
2.973726086682848147e-09
2.970960746414724267e-09
2.968199620370075343e-09
2.965442703712311399e-09
2.962690697154982230e-09
2.959942184107234439e-09
2.957197865937684483e-09
2.954457737809796979e-09
2.951721794887049368e-09
2.948990734622822841e-09
2.946263146951784321e-09
2.943539729977395830e-09
2.940820478863189815e-09
2.938106088472300863e-09
2.935395152151840592e-09
2.932688356550202172e-09
2.929986383965211588e-09
2.927287822750865164e-09
2.924593355848208251e-09
2.921902967787954647e-09
2.919217338305308257e-09
2.916535060883903963e-09
2.913856815898273565e-09
2.911183281171779095e-09
2.908513054014991653e-09
2.905846812887724645e-09
2.903184542320993792e-09
2.900526919953804902e-09
2.897872559929876872e-09
2.895222152278082414e-09
2.892576384502620722e-09
2.889933876885691550e-09
2.887295317561258953e-09
2.884661392149896626e-09
2.882030724703909094e-09
2.879404001470815882e-09
2.876781906196009047e-09
2.874163066685002305e-09
2.871548167307319060e-09
2.868937889941614004e-09
2.866330864128748024e-09
2.863727762363835220e-09
2.861129252661404602e-09
2.858533958276993034e-09
2.855942547843713386e-09
2.853355687526221862e-09
2.850772004282899971e-09
2.848192843195981559e-09
2.845616833683207881e-09
2.843044641294557229e-09
2.840476929129869969e-09
2.837912330282252237e-09
2.835351508462799439e-09
2.832795126573258313e-09
2.830241829515565008e-09
2.827692962372782203e-09
2.825147174107183680e-09
2.822605135162718810e-09
2.820067513561903447e-09
2.817532961899203214e-09
2.815002819204112507e-09
2.812475740483641997e-09
2.809952393157215943e-09
2.807433442240627669e-09
2.804917546346378299e-09
2.802406038494891711e-09
2.799897578506593019e-09
2.797392824864270482e-09
2.794892432477936490e-09
2.792395058812630529e-09
2.789902023802791593e-09
2.787411987290662514e-09
2.784926266837076764e-09
2.782443524654498286e-09
2.779964413872871191e-09
2.777489585260677908e-09
2.775017704572703529e-09
2.772550083466150482e-09
2.770085390048741860e-09
2.767624934584121468e-09
2.765167392305354468e-09
2.762714075912733755e-09
2.760263663934438166e-09
2.757817466734939860e-09
2.755374165174893705e-09
2.752935067289731523e-09
2.750498856265812913e-09
2.748066183343640169e-09
2.745637697446476216e-09
2.743212085236595745e-09
2.740790648956353463e-09
2.738372077576893599e-09
2.735957670227919580e-09
2.733546114146836918e-09
2.731138376906732417e-09
2.728733797963326150e-09
2.726333342311086821e-09
2.723935700964635571e-09
2.721542162141417783e-09
2.719151419138330279e-09
2.716764757893923861e-09
2.714381520436509452e-09
2.712001051065177914e-09
2.709624632312403817e-09
2.707250963152125858e-09
2.704881324830373669e-09
2.702514423461308167e-09
2.700151542915568325e-09
2.697791392536456121e-09
2.695435253944874888e-09
2.693081838730689176e-09
2.690732426271485190e-09
2.688385730397278575e-09
2.686043028248742027e-09
2.683703035889646524e-09
2.681367028230139153e-09
2.679034361604429694e-09
2.676704394569318804e-09
2.674378397506396141e-09
2.672055086062379389e-09
2.669735722430689965e-09
2.667419023274868073e-09
2.665106248580055718e-09
2.662796751393493839e-09
2.660489886962945901e-09
2.658186911972880341e-09
2.655886548588236945e-09
2.653590051300808256e-09
2.651296775906626700e-09
2.649006080386778537e-09
2.646719215955586397e-09
2.644434911639290295e-09
2.642154423467725862e-09
2.639876489634378792e-09
2.637602365396351614e-09
2.635331418757010537e-09
2.633063019883473222e-09
2.630798420787240658e-09
2.628536991095638498e-09
2.626278102590685390e-09
2.624023004051870123e-09
2.621770442309610725e-09
2.619521663996259692e-09
2.617276041430643634e-09
2.615032948488911756e-09
2.612793625682408236e-09
2.610557443441938957e-09
2.608323774328959973e-09
2.606093855076583640e-09
2.603866437561984703e-09
2.601642756395118367e-09
2.599422184668289633e-09
2.597204097589576825e-09
2.594989726595333478e-09
2.592778446365831751e-09
2.590569633688267124e-09
2.588364516838670606e-09
2.586162471387210562e-09
2.583962872236471800e-09
2.581766940366814365e-09
2.579574049466007005e-09
2.577383575311217553e-09
2.575196735748805656e-09
2.573012906034721061e-09
2.570831463505676835e-09
2.568653622886987530e-09
2.566478760996297141e-09
2.564306256723456215e-09
2.562137321685569983e-09
2.559971334255544534e-09
2.557808285466298660e-09
2.555647563298784958e-09
2.553490383681648636e-09
2.551336135487686922e-09
2.549184209642249781e-09
2.547035818995178956e-09
2.544890353959742125e-09
2.542747206993381604e-09
2.540607587879692687e-09
2.538470888566128169e-09
2.536337107115756552e-09
2.534205638019089474e-09
2.532077686990858850e-09
2.529952646995815210e-09
2.527830511004313011e-09
2.525710669417574939e-09
2.523594317792414364e-09
2.521480846025629724e-09
2.519369646027736474e-09
2.517261910335053312e-09
2.515157030355729883e-09
2.513054998041685534e-09
2.510955207306295171e-09
2.508858846677640655e-09
2.506765309569446714e-09
2.504674587933696389e-09
2.502586078395674982e-09
2.500500969096011302e-09
2.498418659762200431e-09
2.496339146665292728e-09
2.494261832011125993e-09
2.492187900694874321e-09
2.490116754428055684e-09
2.488048389481751462e-09
2.485982802127046343e-09
2.483919397031553655e-09
2.481859354163701862e-09
2.479802077700096085e-09
2.477747563911849962e-09
2.475695219052863152e-09
2.473646217317649882e-09
2.471599962615448165e-09
2.469556448989868135e-09
2.467515670484529026e-09
2.465477033929264096e-09
2.463441708279798395e-09
2.461409099880859320e-09
2.459379202776110773e-09
2.457352011009235267e-09
2.455326933826082784e-09
2.453305135347295109e-09
2.451286024336842370e-09
2.449269594724975801e-09
2.447255839988050717e-09
2.445244753488960546e-09
2.443235746670792651e-09
2.441229977213550465e-09
2.439226856082267617e-09
2.437226376639887996e-09
2.435228532249370378e-09
2.433233316273685123e-09
2.431240143011266415e-09
2.429250164427896941e-09
2.427262794347725377e-09
2.425278026133774192e-09
2.423295853789226723e-09
2.421316273877873376e-09
2.419338707371968906e-09
2.417364304408824006e-09
2.415392485490105419e-09
2.413423247819773929e-09
2.411456588601796524e-09
2.409492505040143501e-09
2.407530994338792190e-09
2.405571480747030506e-09
2.403615107843925972e-09
2.401661299412473626e-09
2.399710052656673958e-09
2.397761364340854905e-09
2.395815229470655439e-09
2.393871642612051491e-09
2.391930598331025198e-09
2.389991521947381358e-09
2.388055546980346103e-09
2.386122098288305516e-09
2.384191170437285572e-09
2.382262757993324243e-09
2.380336855522470253e-09
2.378413457590781424e-09
2.376492558764326333e-09
2.374574153609183896e-09
2.372657671859042224e-09
2.370744240214774439e-09
2.368833289392948642e-09
2.366924815686389484e-09
2.365018815387932365e-09
2.363115284790416824e-09
2.361214220186691085e-09
2.359315617869609160e-09
2.357419474132032508e-09
2.355525785266830860e-09
2.353634547566878494e-09
2.351745197182741938e-09
2.349858851140971615e-09
2.347974944582376065e-09
2.346093470999038202e-09
2.344214423322892009e-09
2.342337794485882226e-09
2.340463577419968068e-09
2.338591765057121982e-09
2.336722350329331307e-09
2.334855326168595377e-09
2.332990685506925930e-09
2.331128421276351665e-09
2.329268526408910792e-09
2.327410993836658891e-09
2.325555816491660228e-09
2.323702988450395855e-09
2.321851955340301611e-09
2.320003823453081503e-09
2.318158039120081393e-09
2.316314602139785607e-09
2.314473512310676405e-09
2.312634769431237286e-09
2.310798373299951751e-09
2.308964323715304540e-09
2.307132620475779980e-09
2.305303263379862812e-09
2.303476252226039431e-09
2.301651586812793337e-09
2.299829265583616704e-09
2.298009281562018200e-09
2.296191626416526749e-09
2.294376291815687819e-09
2.292563269428060523e-09
2.290752550922222177e-09
2.288944127966764154e-09
2.287137992230294788e-09
2.285334135381437301e-09
2.283532549088832285e-09
2.281733225021134809e-09
2.279936154847016484e-09
2.278141330235164226e-09
2.276348744195955625e-09
2.274558395106471418e-09
2.272770282685468542e-09
2.270984406651705177e-09
2.269200766723938672e-09
2.267419362620927619e-09
2.265640194061429784e-09
2.263863260764207065e-09
2.262088562448018056e-09
2.260316098831623830e-09
2.258545869633785045e-09
2.256777874573264017e-09
2.255012113368821405e-09
2.253248585050137127e-09
2.251487285890553246e-09
2.249728211474335636e-09
2.247971357385758025e-09
2.246216719209103658e-09
2.244464292528663220e-09
2.242714072928735671e-09
2.240966589766038039e-09
2.239220770664489453e-09
2.237477145396925937e-09
2.235735709547679125e-09
2.233996458701088508e-09
2.232259388441503915e-09
2.230524494246375733e-09
2.228791771165536711e-09
2.227061214141923876e-09
2.225332818118482112e-09
2.223606578038167885e-09
2.221882488843945105e-09
2.220160545478788849e-09
2.218440742885684119e-09
2.216723076007623364e-09
2.215007539787611852e-09
2.213294129168660642e-09
2.211583365871597239e-09
2.209874190876990319e-09
2.208167126362879889e-09
2.206462167521498256e-09
2.204759309594921146e-09
2.203058547825234216e-09
2.201359877454531803e-09
2.199663293724917761e-09
2.197968791878503800e-09
2.196276367157412798e-09
2.194586014803774250e-09
2.192897730059728403e-09
2.191212030095831015e-09
2.189527865896520566e-09
2.187845755033765781e-09
2.186165693971301711e-09
2.184487684059116482e-09
2.182811727868752491e-09
2.181137827971750066e-09
2.179465986939644160e-09
2.177796207343963107e-09
2.176129010094088430e-09
2.174463360689329342e-09
2.172799780436047056e-09
2.171138271905752536e-09
2.169478837669950543e-09
2.167821480300143770e-09
2.166166202367826222e-09
2.164513004430023806e-09
2.162861878985900365e-09
2.161213331307307230e-09
2.159566321912642544e-09
2.157921356466342521e-09
2.156278425453173212e-09
2.154637519357919280e-09
2.152998628665384828e-09
2.151361743860390914e-09
2.149727367480615734e-09
2.148094465516533460e-09
2.146463540895034756e-09
2.144834584101010990e-09
2.143207587240943102e-09
2.141582548907608685e-09
2.139959469315361257e-09
2.138338858020287722e-09
2.136719696167830159e-09
2.135102493699975909e-09
2.133487250831076006e-09
2.131873967775478590e-09
2.130262644747532627e-09
2.128653788997718295e-09
2.127046386285486996e-09
2.125440944244417685e-09
2.123837463088859328e-09
2.122235942150002071e-09
2.120636377226414844e-09
2.119039267980836005e-09
2.117443599454222086e-09
2.115849871689635028e-09
2.114258079602523818e-09
2.112668218108348612e-09
2.111080282122578663e-09
2.109494769035860480e-09
2.107910668436256721e-09
2.106328478091978418e-09
2.104748192918531633e-09
2.103169807831431530e-09
2.101593819069549234e-09
2.100019223630494253e-09
2.098446521773845121e-09
2.096875712789644301e-09
2.095306795967936320e-09
2.093740269323399773e-09
2.092175134324241051e-09
2.090611889358164944e-09
2.089050533715222186e-09
2.087491066685462682e-09
2.085933984425197074e-09
2.084378292121635786e-09
2.082824486301867381e-09
2.081272565712707440e-09
2.079723022315653807e-09
2.078174860997510965e-09
2.076628573545531162e-09
2.075084155990350503e-09
2.073541604362612951e-09
2.072001408242390664e-09
2.070462576195189438e-09
2.068925598167850005e-09
2.067390470191046521e-09
2.065857680382268020e-09
2.064326240234031983e-09
2.062796638228834539e-09
2.061268870201214981e-09
2.059742931201061893e-09
2.058219306350512203e-09
2.056697009604128998e-09
2.055176526446880400e-09
2.053657851732527163e-09
2.052141469136316777e-09
2.050626395508427131e-09
2.049113114885208103e-09
2.047601622120462633e-09
2.046092399449393691e-09
2.044584466604077249e-09
2.043078306179117568e-09
2.041573914195613776e-09
2.040071777291792101e-09
2.038570925071608827e-09
2.037071845698238589e-09
2.035574541029074919e-09
2.034079497443029130e-09
2.032585747398857563e-09
2.031093777631471040e-09
2.029604073454293248e-09
2.028115669458300270e-09
2.026629051311641446e-09
2.025144220871687561e-09
2.023661662037155567e-09
2.022180410675751663e-09
2.020700943267519665e-09
2.019223252343789159e-09
2.017747811069362502e-09
2.016273650357755648e-09
2.014801243725138667e-09
2.013331063284844105e-09
2.011862142054697760e-09
2.010394952498147539e-09
2.008929487146616915e-09
2.007466216717267163e-09
2.006004177022072773e-09
2.004543839126662225e-09
2.003085674202570410e-09
2.001628727634930748e-09
2.000173478428638412e-09
1.998720404202100284e-09
1.997268553917398779e-09
1.995818405538947945e-09
1.994369960581578113e-09
1.992923695283675593e-09
1.991478661368950475e-09
1.990035335420178270e-09
1.988594192644995112e-09
1.987154286829809614e-09
1.985716093525425365e-09
1.984280085345227926e-09
1.982845310295171571e-09
1.981412233494780902e-09
1.979981318698213456e-09
1.978551614392363270e-09
1.977123584672155689e-09
1.975697692271971865e-09
1.974272987719581678e-09
1.972849934088936745e-09
1.971428993098191681e-09
1.970009217308871423e-09
1.968591068777523558e-09
1.967175008209577620e-09
1.965760092237071741e-09
1.964346792121550886e-09
1.962935579821829022e-09
1.961525524208588092e-09
1.960117097576674261e-09
1.958710770879054421e-09
1.957305614999197370e-09
1.955902101224939184e-09
1.954500699506911059e-09
1.953100482734358709e-09
1.951701921191608746e-09
1.950305483830492456e-09
1.948910245538969173e-09
1.947516673306117416e-09
1.946125223612202181e-09
1.944734959565211467e-09
1.943346335681518475e-09
1.941959805154487604e-09
1.940574433076688916e-09
1.939191134902845559e-09
1.937808977044706138e-09
1.936428412365913829e-09
1.935049892414801161e-09
1.933672485576155915e-09
1.932296643726608265e-09
1.930922817431982568e-09
1.929550079238058880e-09
1.928179350320888644e-09
1.926809715506942974e-09
1.925441638203572766e-09
1.924075580514704032e-09
1.922710629221919160e-09
1.921347246754427558e-09
1.919985894242477217e-09
1.918625660416066599e-09
1.917267463441190664e-09
1.915910393343047276e-09
1.914554910928054383e-09
1.913201475711180138e-09
1.911849177609918941e-09
1.910498921337398970e-09
1.909149787874536528e-09
1.907802224145314654e-09
1.906456675789833641e-09
1.905112225714895948e-09
1.903769773379079478e-09
1.902428402969398407e-09
1.901088559805967307e-09
1.899750687932390252e-09
1.898413873450511067e-09
1.897079012627635337e-09
1.895745192838548100e-09
1.894412859958003831e-09
1.893082467188683465e-09
1.891753116705330985e-09
1.890425714497791864e-09
1.889099364006602391e-09
1.887774520267279282e-09
1.886451637053105065e-09
1.885129819697937740e-09
1.883809971036024694e-09
1.882491197659845818e-09
1.881174401146449359e-09
1.879858689344035761e-09
1.878544515082948803e-09
1.877232327712712821e-09
1.875921225816019722e-09
1.874612094467343174e-09
1.873304031269110226e-09
1.871997920048835902e-09
1.870692859654514990e-09
1.869389287356886043e-09
1.868087639184731761e-09
1.866787015849049161e-09
1.865488298072465906e-09
1.864190587804462366e-09
1.862894764530625868e-09
1.861599931436146183e-09
1.860306968702048470e-09
1.859014990395099379e-09
1.857724442577907139e-09
1.856435770083532863e-09
1.855148090752768190e-09
1.853862291341394455e-09
1.852577490916323606e-09
1.851294575008571385e-09
1.850012663908428771e-09
1.848732641924891325e-09
1.847453630568879512e-09
1.846176512930123840e-09
1.844900411737411684e-09
1.843625768210176935e-09
1.842353016453175847e-09
1.841081272166424164e-09
1.839811406553229536e-09
1.838542536524584407e-09
1.837275532074226968e-09
1.836009511321391498e-09
1.834745343052969186e-09
1.833482146593721961e-09
1.832220789526397027e-09
1.830960392378595006e-09
1.829701821531595670e-09
1.828444198713172947e-09
1.827188390634114629e-09
1.825933527861331898e-09
1.824680483551024970e-09
1.823428390993303132e-09
1.822178122150793782e-09
1.820928811505841061e-09
1.819681329830144455e-09
1.818434812795633503e-09
1.817190129985731929e-09
1.815946418259298796e-09
1.814704113721372104e-09
1.813463651293391173e-09
1.812224169609592402e-09
1.810986533669849673e-09
1.809749875165901249e-09
1.808514834386424846e-09
1.807280973542199314e-09
1.806048931598677467e-09
1.804817840975532842e-09
1.803588555021273687e-09
1.802360207327846046e-09
1.801133650072834172e-09
1.799908446787830997e-09
1.798684162172134887e-09
1.797461646651809685e-09
1.796240036738108551e-09
1.795020182905071181e-09
1.793801228889445558e-09
1.792584030065573492e-09
1.791367732543346300e-09
1.790153190537676507e-09
1.788939551316617476e-09
1.787727667938182375e-09
1.786516688826055234e-09
1.785307465883882074e-09
1.784099148688445385e-09
1.782892587991556867e-09
1.781686934520562779e-09
1.780483037877976845e-09
1.779280049469923532e-09
1.778078815405908818e-09
1.776878485891306696e-09
1.775679905422155663e-09
1.774482225346794793e-09
1.773286289019573013e-09
1.772091671076233139e-09
1.770897947291073164e-09
1.769705959310622381e-09
1.768514861329620937e-09
1.767325493859186029e-09
1.766137012228235541e-09
1.764950255814968727e-09
1.763764381221008941e-09
1.762580227399219579e-09
1.761396952785520163e-09
1.760215395345839466e-09
1.759035133681056478e-09
1.757855747516918011e-09
1.756678073132057415e-09
1.755501271774578753e-09
1.754326178601330872e-09
1.753151955980979971e-09
1.751979437951049810e-09
1.750807787998314067e-09
1.749637839043424209e-09
1.748469171765801567e-09
1.747301366176679864e-09
1.746135250852980858e-09
1.744969989393035732e-09
1.743806409262997514e-09
1.742643675170782010e-09
1.741482613474188261e-09
1.740322804571151550e-09
1.739163829964983088e-09
1.738006514355443459e-09
1.736850025213910625e-09
1.735695186137757639e-09
1.734541165699592975e-09
1.733388787290561564e-09
1.732237637708913437e-09
1.731087305743810479e-09
1.729938617609734626e-09
1.728790749984877292e-09
1.727644527989536444e-09
1.726499129394906252e-09
1.725355378229451354e-09
1.724212864102079344e-09
1.723071177710586793e-09
1.721931141450098671e-09
1.720791935814021871e-09
1.719654382111538182e-09
1.718518070352833954e-09
1.717382587794720023e-09
1.716248748367364010e-09
1.715115729517108473e-09
1.713984344094092400e-09
1.712854178666065738e-09
1.711724820877906146e-09
1.710597081964086274e-09
1.709470142063796701e-09
1.708344811337293218e-09
1.707220677698029513e-09
1.706097330130832292e-09
1.704975577188922431e-09
1.703854602603705746e-09
1.702735218428657787e-09
1.701617019398276898e-09
1.700499601312767424e-09
1.699383775540796563e-09
1.698268733046806977e-09
1.697155284136581376e-09
1.696043024876040988e-09
1.694931552391157814e-09
1.693821675397632095e-09
1.692712587510030017e-09
1.691605096386832074e-09
1.690498799418310602e-09
1.689393294009545919e-09
1.688289381039602142e-09
1.687186652452548960e-09
1.686084701243436179e-09
1.684984325675316290e-09
1.683884717336082948e-09
1.682786673440633346e-09
1.681689787246082172e-09
1.680593653054948618e-09
1.679499066514052898e-09
1.678405621664988353e-09
1.677312913591466647e-09
1.676221736377159356e-09
1.675131686429385618e-09
1.674042367529201948e-09
1.672954581704275609e-09
1.671867535776590471e-09
1.670782030737626565e-09
1.669697672211183123e-09
1.668614066854515879e-09
1.667532014108899948e-09
1.666451120373626104e-09
1.665370993078145931e-09
1.664292430118471204e-09
1.663215038666918829e-09
1.662138426922633605e-09
1.661063389057108251e-09
1.659989522091930572e-09
1.658916421887928773e-09
1.657844870160129466e-09
1.656774067824340239e-09
1.655704795574893357e-09
1.654636649527833884e-09
1.653569226817227369e-09
1.652503306610422394e-09
1.651438485787403368e-09
1.650374362242993437e-09
1.649311713622329711e-09
1.648250137566938363e-09
1.647189234902873466e-09
1.646129792621639222e-09
1.645071422160677345e-09
1.644013735966095033e-09
1.642957521689162571e-09
1.641902391524194205e-09
1.640847958671091938e-09
1.639795009272722710e-09
1.638743156277969398e-09
1.637692013638185818e-09
1.636642365992510168e-09
1.635593827042060896e-09
1.634546011487277479e-09
1.633499700929638617e-09
1.632454502126866716e-09
1.631410021294184598e-09
1.630367030845581483e-09
1.629325136747649142e-09
1.628284333865753672e-09
1.627244229407090049e-09
1.626205593800726286e-09
1.625168034006270208e-09
1.624131157972189944e-09
1.623095734644289831e-09
1.622061371724218265e-09
1.621027677899435363e-09
1.619995421827163244e-09
1.618964217899324937e-09
1.617933682680736721e-09
1.616904589304964018e-09
1.615876554091497675e-09
1.614849579046375166e-09
1.613823281713169680e-09
1.612798433266897603e-09
1.611774651006815230e-09
1.610751553207905805e-09
1.609729909581584951e-09
1.608709338159280646e-09
1.607689457945090141e-09
1.606671035635115224e-09
1.605653682209173169e-09
1.604637390335498364e-09
1.603621770649002720e-09
1.602607580126117007e-09
1.601594429159997606e-09
1.600581929109401914e-09
1.599570835502400125e-09
1.598560759456736915e-09
1.597551313052819004e-09
1.596543250374764467e-09
1.595536183262694808e-09
1.594530104384919690e-09
1.593524629054935233e-09
1.592520520809417155e-09
1.591517406093641152e-09
1.590515291221281005e-09
1.589513803832013238e-09
1.588513707825646687e-09
1.587514630603438781e-09
1.586516200518811657e-09
1.585519180043290898e-09
1.584523197292607260e-09
1.583528258580389235e-09
1.582533993208278223e-09
1.581541161750288635e-09
1.580549390821892921e-09
1.579558674489358934e-09
1.578568628301745011e-09
1.577579996246796024e-09
1.576592393637906346e-09
1.575605436729733027e-09
1.574619868098172110e-09
1.573635303762951631e-09
1.572651735340929229e-09
1.571668780024195194e-09
1.570687178512938258e-09
1.569706547765271369e-09
1.568726879398085874e-09
1.567747793326627568e-09
1.566770037330139257e-09
1.565793240038068906e-09
1.564817403804043762e-09
1.563842158420593493e-09
1.562868251595465823e-09
1.561895312889025429e-09
1.560923344654890668e-09
1.559951977611913551e-09
1.558981957614242339e-09
1.558012915149486983e-09
1.557044852571257358e-09
1.556077401521012540e-09
1.555111305040310726e-09
1.554146189708245581e-09
1.553182052079953342e-09
1.552218518917306880e-09
1.551256326591123416e-09
1.550295101633912495e-09
1.549334840600823999e-09
1.548375171168925706e-09
1.547416827877769870e-09
1.546459438175980764e-09
1.545502998618721921e-09
1.544547137794611670e-09
1.543592588419241099e-09
1.542638979695146065e-09
1.541686312384780918e-09
1.540734588092054655e-09
1.539783441588684172e-09
1.538833608369154799e-09
1.537884722978757005e-09
1.536936787021392758e-09
1.535989436172206386e-09
1.535043404117904392e-09
1.534098326308107340e-09
1.533154204346712027e-09
1.532211039837612355e-09
1.531268469580129361e-09
1.530327223870265229e-09
1.529386933577026757e-09
1.528447593457192320e-09
1.527508834358222732e-09
1.526571379078801603e-09
1.525634858242926695e-09
1.524699266607398099e-09
1.523764598929021072e-09
1.522830487169319613e-09
1.521897651897827738e-09
1.520965724853714405e-09
1.520034700793805965e-09
1.519104574474932493e-09
1.518174980319080988e-09
1.517246643436721238e-09
1.516319204787730221e-09
1.515392667239958009e-09
1.514467033661253228e-09
1.513541946336024082e-09
1.512618129518990997e-09
1.511695225274335887e-09
1.510773236469895795e-09
1.509851806268771385e-09
1.508931657167390128e-09
1.508012432109497418e-09
1.507094133962917890e-09
1.506176764310330333e-09
1.505260319593832616e-09
1.504344436577119932e-09
1.503429827421492862e-09
1.502516128672628673e-09
1.501603335487500272e-09
1.500691443023085734e-09
1.499780089129998060e-09
1.498869983794701947e-09
1.497960764650870494e-09
1.497052426855501009e-09
1.496144965565596589e-09
1.495238019713382712e-09
1.494332298052103041e-09
1.493427443952972124e-09
1.492523458158863913e-09
1.491620341412649878e-09
1.490718094457201487e-09
1.489816363101669887e-09
1.488915858170815628e-09
1.488016225259129663e-09
1.487117465109479534e-09
1.486219578464733192e-09
1.485322212204218284e-09
1.484426075011291637e-09
1.483530813551657987e-09
1.482636428151033555e-09
1.481742917466530941e-09
1.480850279738115772e-09
1.479958160619561999e-09
1.479067263735389589e-09
1.478177234527004627e-09
1.477288071234379148e-09
1.476399772097487875e-09
1.475512335356306565e-09
1.474625407934511325e-09
1.473739690915614062e-09
1.472854831012160888e-09
1.471970826464133558e-09
1.471087675663346136e-09
1.470205377608927039e-09
1.469323581398062282e-09
1.468442986498966980e-09
1.467563241798915592e-09
1.466684346448868225e-09
1.465806299599787465e-09
1.464929100402635901e-09
1.464052748008376532e-09
1.463176892977933035e-09
1.462302231850649751e-09
1.461428414978953278e-09
1.460555441513810339e-09
1.459683310537207206e-09
1.458812020855210200e-09
1.457941223861639015e-09
1.457071613187206259e-09
1.456202840018439957e-09
1.455334903092430115e-09
1.454467801146267152e-09
1.453601532917042935e-09
1.452736097141850985e-09
1.451871146660010977e-09
1.451007372209873190e-09
1.450144426424856948e-09
1.449282308042060529e-09
1.448421015893330579e-09
1.447560549189502879e-09
1.446700907236161167e-09
1.445841744876919517e-09
1.444983750545633007e-09
1.444126578881391169e-09
1.443270229189781462e-09
1.442414700776390518e-09
1.441559992946805590e-09
1.440706105006616205e-09
1.439853036261410856e-09
1.439000443183968094e-09
1.438149010948268250e-09
1.437298395657942328e-09
1.436448595787647981e-09
1.435599609645856481e-09
1.434751435541040967e-09
1.433904071781677056e-09
1.433057516676241192e-09
1.432211427317108464e-09
1.431366484646186053e-09
1.430522345554439252e-09
1.429679008350351951e-09
1.428836471342408867e-09
1.427994732839096785e-09
1.427153791148904351e-09
1.426313644554558291e-09
1.425473951624070551e-09
1.424635389934393506e-09
1.423797617827889401e-09
1.422960633458480119e-09
1.422124434980088577e-09
1.421289020546639142e-09
1.420454388312059279e-09
1.419620536430277077e-09
1.418787463055222276e-09
1.417954828519747533e-09
1.417123306817971245e-09
1.416292558084539324e-09
1.415462581026780645e-09
1.414633376565587524e-09
1.413804946175241901e-09
1.412977291330025092e-09
1.412150413504216347e-09
1.411324314172093881e-09
1.410498658762451018e-09
1.409674121036892098e-09
1.408850366227658268e-09
1.408027395809022368e-09
1.407205211255253514e-09
1.406383814040623511e-09
1.405563205639397546e-09
1.404743386708144234e-09
1.403924354632631626e-09
1.403106105980933477e-09
1.402288303230849185e-09
1.401471611325502810e-09
1.400655692548023203e-09
1.399840543466495492e-09
1.399026160649011009e-09
1.398212540663661291e-09
1.397399680078543254e-09
1.396587575461755881e-09
1.395776223381402289e-09
1.394965620405587873e-09
1.394155763804497084e-09
1.393346321695786737e-09
1.392537958974185035e-09
1.391730344266733646e-09
1.390923478353990801e-09
1.390117362016513904e-09
1.389311996034860154e-09
1.388507381189585094e-09
1.387703518261244061e-09
1.386900408030392597e-09
1.386098051277583351e-09
1.385296448783370419e-09
1.384495601328305208e-09
1.383695509246735776e-09
1.382895841616062689e-09
1.382097255674057371e-09
1.381299419861557757e-09
1.380502332281896190e-09
1.379705991038406258e-09
1.378910394234424232e-09
1.378115539973287834e-09
1.377321426358335820e-09
1.376528051492909632e-09
1.375735413480352783e-09
1.374943510424009610e-09
1.374152340427226934e-09
1.373361901812467997e-09
1.372572193778655732e-09
1.371782888918170020e-09
1.370994640488089944e-09
1.370207120892901311e-09
1.369420329550644094e-09
1.368634265879359923e-09
1.367848929297090222e-09
1.367064319221877241e-09
1.366280435071763434e-09
1.365497276264792709e-09
1.364714842219008140e-09
1.363933132352454667e-09
1.363152145850535989e-09
1.362371880968093953e-09
1.361592335727330617e-09
1.360813508150449690e-09
1.360035396259657365e-09
1.359257998077162110e-09
1.358480987967287513e-09
1.357705011452815733e-09
1.356929742713106984e-09
1.356155179770377177e-09
1.355381320646843673e-09
1.354608163364726932e-09
1.353835705946248243e-09
1.353063947043034965e-09
1.352292887824332742e-09
1.351522530088789983e-09
1.350752875635052819e-09
1.349983926261766144e-09
1.349215683767572572e-09
1.348448149951114516e-09
1.347681326611031076e-09
1.346915215545959493e-09
1.346149818554537008e-09
1.345385137435397550e-09
1.344621173987173813e-09
1.343857930008497659e-09
1.343095406455609522e-09
1.342333600915199625e-09
1.341572510131573172e-09
1.340811811399003170e-09
1.340052140542784295e-09
1.339293174676112688e-09
1.338534910543305546e-09
1.337777344888684824e-09
1.337020474456573509e-09
1.336264295991298932e-09
1.335508806237191527e-09
1.334754001938584000e-09
1.333999879839813194e-09
1.333246437110058192e-09
1.332493672617859164e-09
1.331741585656597072e-09
1.330990175519653499e-09
1.330239441500410647e-09
1.329489382892251752e-09
1.328739998988560051e-09
1.327991289082720228e-09
1.327243252468116966e-09
1.326495888438135365e-09
1.325749196286162588e-09
1.325003175305585389e-09
1.324257824789791346e-09
1.323513144232549854e-09
1.322769133929155085e-09
1.322025794375283648e-09
1.321283126066609669e-09
1.320541129498808517e-09
1.319799805167553076e-09
1.319059153568517889e-09
1.318319175197375219e-09
1.317579870549798161e-09
1.316841240121459599e-09
1.316103284408029732e-09
1.315366003905180826e-09
1.314629399108583078e-09
1.313893469998822559e-09
1.313158214496144697e-09
1.312423630005714724e-09
1.311689713932698077e-09
1.310956463682263709e-09
1.310223876659583263e-09
1.309491950269829619e-09
1.308760681918180417e-09
1.308030069009812883e-09
1.307300108949909410e-09
1.306570799143653014e-09
1.305842136996230019e-09
1.305114119912828816e-09
1.304386746114253807e-09
1.303660017083762043e-09
1.302933935120222452e-09
1.302208502522501476e-09
1.301483721589462665e-09
1.300759594619968327e-09
1.300036123912878703e-09
1.299313311767050929e-09
1.298591160481340491e-09
1.297869672354601217e-09
1.297148849685683422e-09
1.296428694773436178e-09
1.295709209916706078e-09
1.294990396173337391e-09
1.294272249637170058e-09
1.293554765161048936e-09
1.292837937597822812e-09
1.292121761800345847e-09
1.291406232621476962e-09
1.290691344914080451e-09
1.289977093531024953e-09
1.289263473325183657e-09
1.288550479149435539e-09
1.287838105856664128e-09
1.287126348299757915e-09
1.286415201331610146e-09
1.285704661238289680e-09
1.284994730038547344e-09
1.284285411184303789e-09
1.283576708127475113e-09
1.282868624319974935e-09
1.282161163213711910e-09
1.281454328260593452e-09
1.280748122912522632e-09
1.280042550621399007e-09
1.279337614839119444e-09
1.278633319017577296e-09
1.277929666608662813e-09
1.277226661064262316e-09
1.276524304506724180e-09
1.275822593740252860e-09
1.275121524239522309e-09
1.274421091479209790e-09
1.273721290933997319e-09
1.273022118078570225e-09
1.272323568387620246e-09
1.271625637335841807e-09
1.270928320397933883e-09
1.270231613048599587e-09
1.269535510762547199e-09
1.268840009014488103e-09
1.268145103279139679e-09
1.267451092204332002e-09
1.266757373112491372e-09
1.266064250787613234e-09
1.265371727869389742e-09
1.264679806997509947e-09
1.263988490811661040e-09
1.263297781951527728e-09
1.262607683056790999e-09
1.261918196767131425e-09
1.261229325722224202e-09
1.260541072561745148e-09
1.259853439925365735e-09
1.259166430452754956e-09
1.258480045785226916e-09
1.257794283570681343e-09
1.257109140458667834e-09
1.256424613098739706e-09
1.255740698140452968e-09
1.255057392233366521e-09
1.254374692027044025e-09
1.253692594171050172e-09
1.253011095314953791e-09
1.252330192108327225e-09
1.251649881200745508e-09
1.250970457295744595e-09
1.250291320773252902e-09
1.249612767335299203e-09
1.248934797814513370e-09
1.248257413880134713e-09
1.247580617201399232e-09
1.246904409447542515e-09
1.246228792287797872e-09
1.245553767391397789e-09
1.244879336427572477e-09
1.244205501065550698e-09
1.243532262974559766e-09
1.242859623823825344e-09
1.242187585282571229e-09
1.241516149020020395e-09
1.240845315931661410e-09
1.240175083818055144e-09
1.239505449706033649e-09
1.238836705786617266e-09
1.238168258599076760e-09
1.237500400493772480e-09
1.236833128497546196e-09
1.236166439637243401e-09
1.235500330939711861e-09
1.234834799431800998e-09
1.234169842140365610e-09
1.233505456092261737e-09
1.232841638314347691e-09
1.232178386296374125e-09
