5.263480486794375373e-08
6.391124695868885817e-08
7.359212273903919190e-08
8.199190125105582297e-08
8.931535719714656183e-08
9.575810871432944445e-08
1.014595028049035435e-07
1.065350308826395360e-07
1.110550902314398478e-07
1.151175080581798221e-07
1.187273145763456779e-07
1.219919853176485221e-07
1.249003673150574728e-07
1.275293927908071608e-07
1.298919590759024565e-07
1.319892544881600957e-07
1.338833475818564154e-07
1.355788596921898889e-07
1.370792828054623404e-07
1.384106744662454640e-07
1.395960784248255033e-07
1.406416728026079727e-07
1.415533785849611834e-07
1.423487957753915595e-07
1.430229830065398231e-07
1.436029343390958937e-07
1.440891714531847015e-07
1.444844176678915298e-07
1.448022612310923154e-07
1.450304328550291776e-07
1.451971584369568654e-07
1.452993526650005535e-07
1.453415727362870303e-07
1.453279345115973535e-07
1.452586627190543509e-07
1.451366037461151659e-07
1.449706130614711470e-07
1.447641473119132809e-07
1.445188318628331236e-07
1.442365132368191657e-07
1.439193928423203726e-07
1.435695482067987094e-07
1.431882272473651206e-07
1.427771381562154604e-07
1.423401773068700275e-07
1.418812245957921394e-07
1.414008729252021461e-07
1.408992380121939257e-07
1.403779235750990812e-07
1.398385697054880878e-07
1.392813698955123255e-07
1.387069997521156484e-07
1.381183376209218410e-07
1.375182594862719411e-07
1.369071503524803577e-07
1.362847729958889284e-07
1.356515822752292694e-07
1.350083517807442180e-07
1.343562549397830918e-07
1.336965359476350934e-07
1.330298451705946468e-07
1.323567229493398326e-07
1.316776177161801840e-07
1.309931458040131070e-07
1.303038077223150366e-07
1.296102055563997003e-07
1.289129173811405545e-07
1.282125362190343514e-07
1.275096550151597995e-07
1.268048250795876426e-07
1.260983722524512032e-07
1.253905663962000332e-07
1.246817068033190558e-07
1.239719919436873082e-07
1.232617694852584965e-07
1.225513591176686543e-07
1.218410136690483027e-07
1.211310861497002840e-07
1.204218870281352366e-07
1.197136993589684098e-07
1.190068514282202365e-07
1.183015432196905476e-07
1.175978952239721027e-07
1.168961657031976402e-07
1.161964490372786524e-07
1.154989764679987395e-07
1.148038846685869575e-07
1.141113106978380278e-07
1.134213515920427143e-07
1.127340917767895188e-07
1.120496426692754989e-07
1.113681029285112909e-07
1.106896105169274741e-07
1.100142259761995464e-07
1.093421006816587833e-07
1.086733345853453909e-07
1.080080281970775601e-07
1.073462951263284643e-07
1.066882617094926928e-07
1.060340151438108518e-07
1.053835736194488250e-07
1.047370276463215144e-07
1.040943570358684342e-07
1.034556035990029590e-07
1.028207971506871046e-07
1.021899678276965515e-07
1.015631579724583250e-07
1.009404217761654405e-07
1.003217427146399312e-07
9.970719910184360328e-08
9.909679881384039853e-08
9.849058520207198660e-08
9.788859515450302873e-08
9.729082822244606436e-08
9.669730045110565881e-08
9.610798261625924788e-08
9.552285755149977560e-08
9.494197545310981234e-08
9.436529699261809826e-08
9.379282794094978260e-08
9.322459598081363792e-08
9.266056311137511951e-08
9.210076804121130690e-08
9.154518431081710806e-08
9.099380762410379054e-08
9.044667367891044074e-08
8.990374313127977338e-08
8.936500614900224248e-08
8.883045294638977350e-08
8.830006341686990548e-08
8.777382804929832382e-08
8.725173737601903981e-08
8.673379215963194918e-08
8.621994233096010004e-08
8.571020928918907373e-08
8.520456371594458379e-08
8.470298675155114803e-08
8.420549938432383783e-08
8.371205926037281044e-08
8.322263943925517055e-08
8.273720935915075637e-08
8.225573850114158521e-08
8.177818677410761177e-08
8.130452390811216480e-08
8.083473868356043050e-08
8.036876277826863557e-08
7.990660395493857010e-08
7.944818505417194633e-08
7.899351364447508247e-08
7.854254104715159104e-08
7.809521903765299596e-08
7.765155622989696118e-08
7.721148496054966688e-08
7.677502150320393802e-08
7.634212744037537444e-08
7.591278265613972882e-08
7.548694929020461152e-08
7.506465175993014923e-08
7.464581686157791886e-08
7.423044250322981677e-08
7.381852622993234306e-08
7.341001336276437328e-08
7.300490159067058653e-08
7.260317114635689391e-08
7.220480063336334698e-08
7.180975360948894616e-08
7.141800060102417685e-08
7.102952889403781298e-08
7.064427550008148784e-08
7.026222784222013285e-08
6.988336477474424523e-08
6.950763223583402793e-08
6.913501744686193131e-08
6.876549919850302244e-08
6.839903194704273203e-08
6.803557051129372020e-08
6.767511793118629566e-08
6.731762953593381143e-08
6.696306323272995769e-08
6.661142495302909140e-08
6.626265748767984375e-08
6.591675093068151419e-08
6.557368733708379395e-08
6.523342554159995279e-08
6.489593236670056647e-08
6.456120526480442361e-08
6.422918820543009931e-08
6.389988609138620585e-08
6.357325823052722208e-08
6.324926425149474032e-08
6.292791646186168735e-08
6.260913937735034869e-08
6.229295451146158107e-08
6.197933131214446397e-08
6.166821028171537695e-08
6.135961230870286188e-08
6.105349258317962538e-08
6.074982824651730199e-08
6.044859645135158210e-08
6.014977436147817257e-08
5.985335328165221597e-08
5.955928206913056227e-08
5.926756611271100725e-08
5.897815398295964584e-08
5.869103404314449354e-08
5.840619381482155383e-08
5.812357938987636790e-08
5.784317837849107515e-08
5.756496454351341581e-08
5.728889812831035568e-08
5.701498677453911648e-08
5.674316378165600918e-08
5.647342324845078892e-08
5.620573898868007966e-08
5.594007821897103506e-08
5.567641486580233181e-08
5.541473817729537730e-08
5.515500696029110748e-08
5.489722813136228831e-08
5.464139534053954743e-08
5.438746999891105990e-08
5.413545237420984520e-08
5.388532976977773045e-08
5.363710217002346623e-08
5.339073148200639660e-08
5.314621775997132545e-08
5.290354833061809209e-08
5.266271052637850701e-08
5.242369788077484830e-08
5.218647784565772781e-08
5.195105596843703554e-08
5.171739326841770203e-08
5.148546327109590518e-08
5.125525779058460427e-08
5.102676239914740305e-08
5.079993854893405308e-08
5.057477790967048408e-08
5.035126599295402007e-08
5.012937043332835497e-08
4.990906497990606699e-08
4.969034111411440593e-08
4.947317256916300567e-08
4.925755175313470215e-08
4.904344046505703975e-08
4.883084819696439627e-08
4.861974380137168614e-08
4.841012505532352502e-08
4.820197244247730758e-08
4.799527222433079448e-08
4.779002196991802211e-08
4.758618529280231230e-08
4.738377102601371104e-08
4.718274298189637856e-08
4.698310981063276802e-08
4.678483552060828900e-08
4.658791772105006766e-08
4.639235448273436325e-08
4.619811106847117236e-08
4.600519664725108493e-08
4.581357667107216210e-08
4.562326013425071309e-08
4.543421267541414910e-08
4.524643241017484348e-08
4.505990661776724514e-08
4.487462789008239760e-08
4.469057287210381440e-08
4.450773418376440521e-08
4.432608862681420549e-08
4.414564471979958170e-08
4.396636982855375876e-08
4.378826295042715444e-08
4.361132807858850884e-08
4.343551241741513906e-08
4.326084063049331667e-08
4.308729091442293528e-08
4.291484163232752853e-08
4.274349660604681316e-08
4.257323422364142939e-08
4.240403805482177156e-08
4.223591674663770693e-08
4.206883879594633120e-08
4.190280847324247561e-08
4.173779817828313877e-08
4.157382565132597094e-08
4.141086903143260583e-08
4.124892133931074353e-08
4.108797073281209693e-08
4.092801998266366487e-08
4.076906688391900253e-08
4.061109473496367469e-08
4.045409177433636973e-08
4.029806540047041987e-08
4.014299902829598318e-08
3.998888095539440464e-08
3.983571715943936676e-08
3.968347546825327438e-08
3.953216486726669714e-08
3.938175668105765834e-08
3.923222709506753668e-08
3.908358020657535428e-08
3.893579216960877745e-08
3.878884387329400970e-08
3.864273458308857240e-08
3.849744056387076458e-08
3.835294730417236266e-08
3.820923124358547903e-08
3.806630051787824140e-08
3.792412965157772637e-08
3.778270847618152249e-08
3.764205636489410271e-08
3.750216577408801524e-08
3.736303814411939423e-08
3.722466609696123481e-08
3.708707753016843802e-08
3.695023867482283733e-08
3.681417297101009243e-08
3.667888615788300115e-08
3.654437092442174027e-08
3.641062008719174408e-08
3.627765237541895568e-08
3.614545860466892602e-08
3.601402183492043318e-08
3.588334878834988547e-08
3.575341205413199787e-08
3.562421823385436700e-08
3.549574004180448941e-08
3.536798396031709304e-08
3.524092282737851319e-08
3.511456300736760186e-08
3.498888160650558872e-08
3.486387243474026164e-08
3.473952512761581969e-08
3.461582932188429122e-08
3.449277591475328529e-08
3.437035269550489639e-08
3.424857318000060658e-08
3.412741830055962189e-08
3.400690145943710895e-08
3.388700772049880127e-08
3.376773832559780813e-08
3.364909047287413033e-08
3.353106136109083417e-08
3.341364026931274421e-08
3.329684026572997077e-08
3.318065060294032491e-08
3.306506456312593209e-08
3.295007495190274419e-08
3.283569196331952751e-08
3.272189401668791167e-08
3.260869066827343801e-08
3.249606429830444611e-08
3.238401280203792631e-08
3.227253019695503534e-08
3.216160668886039088e-08
3.205124013528046317e-08
3.194142455581183397e-08
3.183214642365591343e-08
3.172341487988960528e-08
3.161521262544621355e-08
3.150753012187609235e-08
3.140037703919259266e-08
3.129373701184578327e-08
3.118760861603064651e-08
3.108197932325874554e-08
3.097686241340129458e-08
3.087222699588976236e-08
3.076808994991031312e-08
3.066443513847857652e-08
3.056126106638158030e-08
3.045856257875977320e-08
3.035633092200447195e-08
3.025456456591881420e-08
3.015325223677531488e-08
3.005241182198167522e-08
2.995201938204423695e-08
2.985209732704265294e-08
2.975263603125772093e-08
2.965364007580458803e-08
2.955510348087681560e-08
2.945703782554205929e-08
2.935944062350256020e-08
2.926230596474990914e-08
2.916564532476652439e-08
2.906945970006150226e-08
2.897373290719025206e-08
2.887848573059704017e-08
2.878370423730689436e-08
2.868938730813903939e-08
2.859552360548955810e-08
2.850211878260517344e-08
2.840916825261159913e-08
2.831665063702759779e-08
2.822458159956155317e-08
2.813294651228530202e-08
2.804173752975463750e-08
2.795096342611511254e-08
2.786060967232413825e-08
2.777067174994132782e-08
2.768114868099262791e-08
2.759203065424843323e-08
2.750332451160773030e-08
2.741502070978765029e-08
2.732711951405528472e-08
2.723961791722321063e-08
2.715250969158385340e-08
2.706579186153947026e-08
2.697945825114112634e-08
2.689351867689888325e-08
2.680796053182571771e-08
2.672278084116550353e-08
2.663797979043810004e-08
2.655354804028569323e-08
2.646949189381347644e-08
2.638580810968956279e-08
2.630247784484896153e-08
2.621951667042017580e-08
2.613690581257754670e-08
2.605466069588780070e-08
2.597275953416991605e-08
2.589120227678687679e-08
2.580999802113918639e-08
2.572913434265927229e-08
2.564860806142890161e-08
2.556841903137134646e-08
2.548856476210291980e-08
2.540903658929276025e-08
2.532985372818138224e-08
2.525099921568896792e-08
2.517247722064830274e-08
2.509430080731083352e-08
2.501646211331502428e-08
2.493896226475777022e-08
2.486180828798186441e-08
2.478498654916682210e-08
2.470851584801637634e-08
2.463238846023460387e-08
2.455660551191982924e-08
2.448116745883642365e-08
2.440607497186270805e-08
2.433132512892266859e-08
2.425691212969063250e-08
2.418283307909109456e-08
2.410908508216632681e-08
2.403566809651691718e-08
2.396257920148417289e-08
2.388980697119277561e-08
2.381736552250793503e-08
2.374523495015833543e-08
2.367341522089830091e-08
2.360191467071560217e-08
2.353072212598641810e-08
2.345983556430015217e-08
2.338925313753558823e-08
2.331897853296205883e-08
2.324899605602536705e-08
2.317932044004526419e-08
2.310994153441910707e-08
2.304085749159249677e-08
2.297206646408090466e-08
2.290356932298098109e-08
2.283535877585480725e-08
2.276744110685199491e-08
2.269980903194749215e-08
2.263246057254193976e-08
2.256539322345354176e-08
2.249860701852384521e-08
2.243209397204085075e-08
2.236585943571320671e-08
2.229989543208626077e-08
2.223419932498717228e-08
2.216876847833797826e-08
2.210360288000422034e-08
2.203869463871890663e-08
2.197404896728151723e-08
2.190965798247714403e-08
2.184551904888055224e-08
2.178163034587205761e-08
2.171799846814108991e-08
2.165461277004862382e-08
2.159149095128083433e-08
2.152862753014611679e-08
2.146602475950758970e-08
2.140368489215114597e-08
2.134161018078543639e-08
2.127980793072818409e-08
2.121826775553342169e-08
2.115700704398085671e-08
2.109602046963487538e-08
2.103531028501429053e-08
2.097487764336875021e-08
2.091471930116961737e-08
2.085483091582007191e-08
2.079521061384385642e-08
2.073585403185015370e-08
2.067675435182266674e-08
2.061790233595024552e-08
2.055930833044019659e-08
2.050095330582216310e-08
2.044283781664429111e-08
2.038495994202971431e-08
2.032731049320223835e-08
2.026989236997812252e-08
2.021269727981911730e-08
2.015572532697350819e-08
2.009897750464648323e-08
2.004245956571152991e-08
1.998616297057990218e-08
1.993009585199285221e-08
1.987425446332941242e-08
1.981864687751658766e-08
1.976326935464621264e-08
1.970812288786878882e-08
1.965320847030443701e-08
1.959853174960284193e-08
1.954408439680793974e-08
1.948987360800392920e-08
1.943589184668019555e-08
1.938214235691294954e-08
1.932861683008731588e-08
1.927531158652054163e-08
1.922222294663808233e-08
1.916934723097363837e-08
1.911668530059519846e-08
1.906422211897434949e-08
1.901196760967926192e-08
1.895991128317853668e-08
1.890804946068461556e-08
1.885637398475321538e-08
1.880489583905394148e-08
1.875360403857581259e-08
1.870250673922954550e-08
1.865160761805947483e-08
1.860091256112509618e-08
1.855042522731816968e-08
1.850014268402502914e-08
1.845007740861594432e-08
1.840022867148651628e-08
1.835060014920929551e-08
1.830119551825538048e-08
1.825202279057251427e-08
1.820307695967602279e-08
1.815436615903645028e-08
1.810587951591609958e-08
1.805761488132779061e-08
1.800955934272634755e-08
1.796170430023493485e-08
1.791404115420541587e-08
1.786656130521834290e-08
1.781925615408296387e-08
1.777211710183722227e-08
1.772513976047980821e-08
1.767830499912716149e-08
1.763161683510300635e-08
1.758506035435641967e-08
1.753862563854172842e-08
1.749232666364241303e-08
1.744616772980247213e-08
1.740015731448541068e-08
1.735430801778852238e-08
1.730862006020970683e-08
1.726310605227998640e-08
1.721777651584151354e-08
1.717263583142895967e-08
1.712769859496697270e-08
1.708296919205083893e-08
1.703845609856022753e-08
1.699416779016530267e-08
1.695011026881180351e-08
1.690627964229858449e-08
1.686266954503623132e-08
1.681927361159251388e-08
1.677608946249919242e-08
1.673310076302707874e-08
1.669031309042236498e-08
1.664771410130621854e-08
1.660529348583743844e-08
1.656305278030991291e-08
1.652098166513175171e-08
1.647907377624041007e-08
1.643732274972446253e-08
1.639572340739036036e-08
1.635427919922789810e-08
1.631298309353564453e-08
1.627184360195345799e-08
1.623085180361904815e-08
1.619002003252939488e-08
1.614933940179450568e-08
1.610881834525341896e-08
1.606845376575806553e-08
1.602824641302651849e-08
1.598819703675968199e-08
1.594830638664130773e-08
1.590857521233798510e-08
1.586900772054919681e-08
1.582959554136717197e-08
1.579034132224140342e-08
1.575124580191628515e-08
1.571230410025406488e-08
1.567352068511863664e-08
1.563489068114907061e-08
1.559641295587037965e-08
1.555808267976828153e-08
1.551990612359692924e-08
1.548187844880442728e-08
1.544400219302925954e-08
1.540626887494476919e-08
1.536868113667437869e-08
1.533123832318372352e-08
1.529394350934000205e-08
1.525678704509889665e-08
1.521977926105650295e-08
1.518291414613312515e-08
1.514618754151285709e-08
1.510960609526254421e-08
1.507316563988157874e-08
1.503686561598798288e-08
1.500070546421142552e-08
1.496468462519323879e-08
1.492880253958638501e-08
1.489305862791487098e-08
1.485745576108298687e-08
1.482198618866629472e-08
1.478665276989993032e-08
1.475145657755629952e-08
1.471639342157389332e-08
1.468146786812286083e-08
1.464667573142237918e-08
1.461201285877402094e-08
1.457748552385629221e-08
1.454308956577814545e-08
1.450882430460687124e-08
1.447468906042328459e-08
1.444068316524421324e-08
1.440680599878935725e-08
1.437306036876658829e-08
1.433943882676160840e-08
1.430594418851042616e-08
1.427257923792565837e-08
1.423933488221283936e-08
1.420622067797133739e-08
1.417322756002477671e-08
1.414036166531322728e-08
1.410761900919172094e-08
1.407499898351047376e-08
1.404249764247976679e-08
1.401012106730158838e-08
1.397786533623235502e-08
1.394572987924538946e-08
1.391371743342961173e-08
1.388182080700465868e-08
1.385004274467488700e-08
1.381838267645670727e-08
1.378684330938739912e-08
1.375541751203078664e-08
1.372410962999214084e-08
1.369291582750198542e-08
1.366184041676709222e-08
1.363087632580676791e-08
1.360002947486449299e-08
1.356929606039027839e-08
1.353867552892778199e-08
1.350816732703061102e-08
1.347776769756872631e-08
1.344748250168735037e-08
1.341731116441676486e-08
1.338724674651646064e-08
1.335729189109911194e-08
1.332744604477816586e-08
1.329770865417702714e-08
1.326808231987825509e-08
1.323856017362335338e-08
1.320914482945633426e-08
1.317983733261092131e-08
1.315063715784377233e-08
1.312153910121998912e-08
1.309254889322671789e-08
1.306366289302760408e-08
1.303487748725825336e-08
1.300619836523804364e-08
1.297762190679148772e-08
1.294914759720423516e-08
1.292077492177070525e-08
1.289250336579412843e-08
1.286433241458649498e-08
1.283626155993057598e-08
1.280829031946554952e-08
1.278042125555179679e-08
1.275264780921514143e-08
1.272497254944503144e-08
1.269739801892726284e-08
1.266991769817911130e-08
1.264253563921315072e-08
1.261524835741497081e-08
1.258805987557600269e-08
1.256096671240307375e-08
1.253396541237171574e-08
1.250706146567150216e-08
1.248025141364246053e-08
1.245353479683448483e-08
1.242691115906029289e-08
1.240038004413996112e-08
1.237394099590092290e-08
1.234759355817796357e-08
1.232133727481323371e-08
1.229517168965623256e-08
1.226909634656381463e-08
1.224311078940019968e-08
1.221721746664888602e-08
1.219141010684102998e-08
1.216569116461973196e-08
1.214006307509026329e-08
1.211451962802987401e-08
1.208906472628422052e-08
1.206369506600924126e-08
1.203841452288083957e-08
1.201321979613988096e-08
1.198810760899175346e-08
1.196308324131605466e-08
1.193814341037219982e-08
1.191328768962806131e-08
1.188851565255798167e-08
1.186382687264278693e-08
1.183921810846125137e-08
1.181469457518387406e-08
1.179025585904862933e-08
1.176589595744241697e-08
1.174161728920336960e-08
1.171741946408708982e-08
1.169330209185510280e-08
1.166926755684826656e-08
1.164530991400731824e-08
1.162143155338959562e-08
1.159763484235250936e-08
1.157391386991286425e-08
1.155027238225387394e-08
1.152670724005051251e-08
1.150322216862060422e-08
1.147981132376072699e-08
1.145647980634043789e-08
1.143322451731557952e-08
1.141004237976288690e-08
1.138693846139431770e-08
1.136390967979520964e-08
1.134095567110662708e-08
1.131807607147481747e-08
1.129527051705119816e-08
1.127253864399238286e-08
1.124988008846015182e-08
1.122729448662146180e-08
1.120478147777012479e-08
1.118234071369165717e-08
1.115997184929818238e-08
1.113767453950673568e-08
1.111545108236276280e-08
1.109329584128725994e-08
1.107121111961108066e-08
1.104919919966790602e-08
1.102725447639618960e-08
1.100538185436058855e-08
1.098357444343492734e-08
1.096183974182315440e-08
1.094017087752482669e-08
1.091857271909195998e-08
1.089704234176864566e-08
1.087557684665735241e-08
1.085418109849277661e-08
1.083285219329058353e-08
1.081158724735603240e-08
1.079039109500847614e-08
1.076926084751396321e-08
1.074819619218297384e-08
1.072719681633015390e-08
1.070626240727429345e-08
1.068539265233835488e-08
1.066458723884943312e-08
1.064384585773523611e-08
1.062316821431326126e-08
1.060255401750134594e-08
1.058200549271093423e-08
1.056151731102419720e-08
1.054109170273906567e-08
1.052072837678877748e-08
1.050042953923339912e-08
1.048018989996304606e-08
1.046001415739271603e-08
1.043989704063980182e-08
1.041984075097478903e-08
1.039984623397567216e-08
1.037991072708080035e-08
1.036003766248108446e-08
1.034022430047079214e-08
1.032046792019334755e-08
1.030077316866423074e-08
1.028113732034325181e-08
1.026155766837049022e-08
1.024203883175615602e-08
1.022257809899865102e-08
1.020317520365878202e-08
1.018382987930063312e-08
1.016454185949158724e-08
1.014531087780230455e-08
1.012613667052389670e-08
1.010701898481931360e-08
1.008795757057176307e-08
1.006895217766754325e-08
1.005000255599604596e-08
1.003110845544972689e-08
1.001226962592415191e-08
9.993485817317960731e-09
9.974759151846510455e-09
9.956084630353297071e-09
9.937464379506801211e-09
9.918898149217951161e-09
9.900388044055143691e-09
9.881929104060341084e-09
9.863525803187370983e-09
9.845173218098119973e-09
9.826875809087208709e-09
9.808627503819791752e-09
9.790435080241153297e-09
9.772292481186220688e-09
9.754204132298874795e-09
9.736165162250054353e-09
9.718179979506918827e-09
9.700246037007979382e-09
9.682360804754183655e-09
9.664528665630952764e-09
9.646747088290082916e-09
9.629015860084492023e-09
9.611334771261874457e-09
9.593701330243839609e-09
9.576119895114975067e-09
9.558587970114736183e-09
9.541105345500427513e-09
9.523671811531729272e-09
9.506287158470728773e-09
9.488951176581892300e-09
9.471663656132073381e-09
9.454424387390524366e-09
9.437235405299594972e-09
9.420092009982042266e-09
9.402996256774253054e-09
9.385947955522877748e-09
9.368946916076748866e-09
9.351995172714172072e-09
9.335088082418552859e-09
9.318227683498730379e-09
9.301415998227332393e-09
9.284648407651606465e-09
9.267926938041457873e-09
9.251253599762763967e-09
9.234623797728340846e-09
9.218041738882705270e-09
9.201501752272430019e-09
9.185010233115035109e-09
9.168561537586056460e-09
9.152159857269420714e-09
9.135802833359346959e-09
9.119488122613386373e-09
9.103219893278852596e-09
9.086995798242475349e-09
9.070813505827843835e-09
9.054677161135372566e-09
9.038584428649262153e-09
9.022535134346042680e-09
9.006526961825334104e-09
8.990564027091282639e-09
8.974644017320530032e-09
8.958766767346947179e-09
8.942932112006113931e-09
8.927139886135347217e-09
8.911389924573686159e-09
8.895682062161888757e-09
8.880016133742446783e-09
8.864391974159574200e-09
8.848809418259208814e-09
8.833268300889010622e-09
8.817768456898373390e-09
8.802311815011291734e-09
8.786894021245763947e-09
8.771517020865957477e-09
8.756180664165949048e-09
8.740884801441355591e-09
8.725631358648365834e-09
8.710416031153757817e-09
8.695240748540356350e-09
8.680107425955448749e-09
8.665011780425974144e-09
8.649955730697351289e-09
8.634941181192892720e-09
8.619963870429540988e-09
8.605027753411643278e-09
8.590127562978599091e-09
8.575269294309201374e-09
8.560447701759493230e-09
8.545666722980558590e-09
8.530922149918937549e-09
8.516217906182936785e-09
8.501551820161956704e-09
8.486921734201258133e-09
8.472331550981438548e-09
8.457779109375370373e-09
8.443262262103649127e-09
8.428784891081371552e-09
8.414344845583624823e-09
8.399941989093270071e-09
8.385576193789013803e-09
8.371245342547864290e-09
8.356953296072933564e-09
8.342697933839631606e-09
8.328479130205119513e-09
8.314296759527752831e-09
8.300150696167079899e-09
8.286040814483843506e-09
8.271966988839979235e-09
8.257929093598613809e-09
8.243927003124071709e-09
8.229960591781861939e-09
8.216029735421041929e-09
8.202134315821211653e-09
8.188274216245430172e-09
8.174449319957868284e-09
8.160661451672332417e-09
8.146906608490439987e-09
8.133186618404203526e-09
8.119501364682197740e-09
8.105850730594109063e-09
8.092236524603181912e-09
8.078654776369803946e-09
8.065107297594182458e-09
8.051595887087422909e-09
8.038116594974228961e-09
8.024671228907300676e-09
8.011261584873138443e-09
7.997883737818142603e-09
7.984541386522992208e-09
7.971230618648876010e-09
7.957955120297564438e-09
7.944710046709867995e-09
7.931500963084331404e-09
7.918323035676336769e-09
7.905179925419948192e-09
7.892067757740110692e-09
7.878990181081246944e-09
7.865943335169325009e-09
7.852930865214363979e-09
7.839950797788271500e-09
7.827001171815903395e-09
7.814085615820372356e-09
7.801202165651756629e-09
7.788350722413665667e-09
7.775529337264099594e-09
7.762741614239742305e-09
7.749985601454269830e-09
7.737261200014688026e-09
7.724568311028858053e-09
7.711905000776392711e-09
7.699274842779918374e-09
7.686675899081454506e-09
7.674108069315301215e-09
7.661571253116618881e-09
7.649065350121431459e-09
7.636590259966613246e-09
7.624145882289897151e-09
7.611732116729881315e-09
7.599348862926010914e-09
7.586996020518599659e-09
7.574673489148809952e-09
7.562381168458672735e-09
7.550118958091062671e-09
7.537886760198237508e-09
7.525684486967313877e-09
7.513513840783019284e-09
7.501371158080449960e-09
7.489258144138118906e-09
7.477174713654565662e-09
7.465120781329052726e-09
7.453098035193784298e-09
7.441102840434810088e-09
7.429136887942994396e-09
7.417200092420489059e-09
7.405294130542980967e-09
7.393415390245913178e-09
7.381565551734186642e-09
7.369746286729971744e-09
7.357954004275617843e-09
7.346190379601848068e-09
7.334457076745442311e-09
7.322750521542701778e-09
7.311074120403412070e-09
7.299424310292000522e-09
7.287804486519747117e-09
7.276210231475952050e-09
7.264646662099882092e-09
7.253109370424035400e-09
7.241601729723672405e-09
7.230120209478380065e-09
7.218668169290561690e-09
7.207243801728644105e-09
7.195845310235179563e-09
7.184476037557424706e-09
7.173134184430714401e-09
7.161817962385972283e-09
7.150530697980056308e-09
7.139270600056217348e-09
7.128035888175488776e-09
7.116829872821038434e-09
7.105650770885588747e-09
7.094498498018209869e-09
7.083371286643506910e-09
7.072272437225020528e-09
7.061200190776763743e-09
7.050154476428945697e-09
7.039135223312314026e-09
7.028142360558153206e-09
7.017174147558696523e-09
7.006233855525565765e-09
6.995319741245776471e-09
6.984431733852786122e-09
6.973569762480588209e-09
6.962733756263718856e-09
6.951923644337247716e-09
6.941139355385080287e-09
6.930380816284841674e-09
6.919647953463001098e-09
6.908940693346596880e-09
6.898258962363217413e-09
6.887602686941017714e-09
6.876971793508704525e-09
6.866366208495551210e-09
6.855785858331385340e-09
6.845232298321774466e-09
6.834702194644682025e-09
6.824197105115361396e-09
6.813716956165859479e-09
6.803261675618411034e-09
6.792832813275614866e-09
6.782427068593147855e-09
6.772045995243168811e-09
6.761689527998062672e-09
6.751357601630698276e-09
6.741051755028851711e-09
6.730768712293657433e-09
6.720510014763588630e-09
6.710277194013448286e-09
6.700066988792028071e-09
6.689880933107483746e-09
6.679720551273425049e-09
6.669582596244952854e-09
6.659470177787643346e-09
6.649380056807128232e-09
6.639313753183626122e-09
6.629272777216819905e-09
6.619253904185386941e-09
6.609260219566863139e-09
6.599288508165564913e-09
6.589341061929884832e-09
6.579416244380093617e-09
6.569516336825824377e-09
6.559638142988455789e-09
6.549784719975539064e-09
6.539952882047441951e-09
6.530145682679022135e-09
6.520361502873721477e-09
6.510598732949410252e-09
6.500860413558235478e-09
6.491144932698575236e-09
6.481450687617863932e-09
6.471780705096545520e-09
6.462133380078836991e-09
6.452507116693149951e-09
6.442904927945520751e-09
6.433325215677299247e-09
6.423766390849662848e-09
6.414231451879489734e-09
6.404718802900458997e-09
6.395228378107269177e-09
6.385758592029471303e-09
6.376312420439230738e-09
6.366888275616300419e-09
6.357486091757135820e-09
6.348105803058639919e-09
6.338747343718140866e-09
6.329409141662320211e-09
6.320094145845853385e-09
6.310800781976879694e-09
6.301528984254496628e-09
6.292278689098511132e-09
6.283049841810189068e-09
6.273842389911417244e-09
6.264656280924431543e-09
6.255491462371818568e-09
6.246347881776514822e-09
6.237225486661798433e-09
6.228124224551308179e-09
6.219044042969018674e-09
6.209984889439265183e-09
6.200946711486722115e-09
6.191929456636424528e-09
6.182933072413742492e-09
6.173957505426032756e-09
6.165002698607509415e-09
6.156068593974395579e-09
6.147156596490379212e-09
6.138263720164341230e-09
6.129391372079576075e-09
6.120539494253838797e-09
6.111708028705269912e-09
6.102896917452389611e-09
6.094107552850324809e-09
6.085336974161045987e-09
6.076586575830139176e-09
6.067856299877660641e-09
6.059146088587383408e-09
6.050457325256364144e-09
6.041787071505654888e-09
6.033136712962183134e-09
6.024507627018457986e-09
6.015896887648777448e-09
6.007305874297999047e-09
5.998734530569188502e-09
5.990184225696773718e-09
5.981652049994346375e-09
5.973140796309108691e-09
5.964647563068332972e-09
5.956173717479680913e-09
5.947720618903750441e-09
5.939285378965514450e-09
5.930870771662764688e-09
5.922473916861292334e-09
5.914096173014459335e-09
5.905738890600733029e-09
5.897399201449828905e-09
5.889079859622998676e-09
5.880777305069856977e-09
5.872495684546425279e-09
5.864231444910280526e-09
5.855987324435934099e-09
5.847760478637446326e-09
5.839553639246908967e-09
5.831365363962726086e-09
5.823194219577155000e-09
5.815042932615739727e-09
5.806908685868904837e-09
5.798794198110574812e-09
5.790698038072147456e-09
5.782618782193798766e-09
5.774559137687560202e-09
5.766516306616658372e-09
5.758492988528632133e-09
5.750487761781022441e-09
5.742499212353570760e-09
5.734530027471010231e-09
5.726578786760739706e-09
5.718645437605638295e-09
5.710728568195472226e-09
5.702830846178306151e-09
5.694950857862517910e-09
5.687088550632196778e-09
5.679242520164182098e-09
5.671415419119248392e-09
5.663605841309681397e-09
5.655813734120782205e-09
5.648039044938152175e-09
5.640280378703558920e-09
5.632540370091050525e-09
5.624817624995065959e-09
5.617112094158147043e-09
5.609423728323120977e-09
5.601752478233097028e-09
5.594098294631463225e-09
5.586459798613990744e-09
5.578839602032234717e-09
5.571236324166697788e-09
5.563649915761907012e-09
5.556080327562664896e-09
5.548527510314060151e-09
5.540991414761458593e-09
5.533471992037320924e-09
5.525969194821638692e-09
5.518482976181482615e-09
5.511013289184191417e-09
5.503560086897375137e-09
5.496123322388906030e-09
5.488702948726927666e-09
5.481298918979850797e-09
5.473911186216351696e-09
5.466539703505378781e-09
5.459184423916141031e-09
5.451845300518125358e-09
5.444522286381075099e-09
5.437216628883859607e-09
5.429925691767891056e-09
5.422650724880162941e-09
5.415391682167789221e-09
5.408148517578146075e-09
5.400921185058871068e-09
5.393709638557868120e-09
5.386515114130663348e-09
5.379334999803761134e-09
5.372170533344128420e-09
5.365021668700706407e-09
5.357888359822700171e-09
5.350771834268058199e-09
5.343669497258307647e-09
5.336582578931629761e-09
5.329511034303062586e-09
5.322454818387908041e-09
5.315415151403219201e-09
5.308389456291318541e-09
5.301378954943873879e-09
5.294384862578065761e-09
5.287404612149048549e-09
5.280439420537778155e-09
5.273490497993869785e-09
5.266555287420590254e-09
5.259635000720592502e-09
5.252730843650521270e-09
5.245840271210417025e-09
5.238964493012118039e-09
5.232104712121256134e-09
5.225258393800785179e-09
5.218426742748148452e-09
5.211610957156611822e-09
5.204808512046435861e-09
5.198021844519476777e-09
5.191248436066116690e-09
5.184490717332797530e-09
5.177746176252416643e-09
5.171016006177770863e-09
5.164301394304117097e-09
5.157599839426747049e-09
5.150913757673711432e-09
5.144240042215084819e-09
5.137582328109591821e-09
5.130937514081093598e-09
5.124308003565081276e-09
5.117691314648366039e-09
5.111089844460464838e-09
5.104502332430825472e-09
5.097927524262176431e-09
5.091367807675028906e-09
5.084820716440059619e-09
5.078288631670015354e-09
5.071769091522001607e-09
5.065264469054598527e-09
5.058773512432862691e-09
5.052294976003182796e-09
5.045831223553106131e-09
5.039381007889027813e-09
5.032943087959872039e-09
5.026519818340366898e-09
5.020108761468346715e-09
5.013712265808732941e-09
5.007329091838848760e-09
5.000959196541335988e-09
4.994601348604112570e-09
4.988257887448704718e-09
4.981927583351722560e-09
4.975609212618050981e-09
4.969305106247686239e-09
4.963014039043564159e-09
4.956735971709709560e-09
4.950469686530112814e-09
4.944217502536489939e-09
4.937978200523261828e-09
4.931751741195206864e-09
4.925536912766265696e-09
4.919336022398334236e-09
4.913147858053087860e-09
4.906972386561421939e-09
4.900809575979461693e-09
4.894658229215705296e-09
4.888520646081769712e-09
4.882395628023836758e-09
4.876283143098647905e-09
4.870183159363092686e-09
4.864095644874215320e-09
4.858020567689209744e-09
4.851956740872616629e-09
4.845906443906432543e-09
4.839868488413683739e-09
4.833842840921733316e-09
4.827829461836322285e-09
4.821828310032932339e-09
4.815839344387241214e-09
4.809862523775127650e-09
4.803897807072658157e-09
4.797945153156101078e-09
4.792004520901916659e-09
4.786075869186762020e-09
4.780159156887491144e-09
4.774254342881149098e-09
4.768361386044983606e-09
4.762480245256431815e-09
4.756610880655721342e-09
4.750753257433637825e-09
4.744907342043720150e-09
4.739073100939670154e-09
4.733250500575345187e-09
4.727439507404763069e-09
4.721640087882102094e-09
4.715852208461701031e-09
4.710075835598056638e-09
4.704310935745825321e-09
4.698557475359823130e-09
4.692815420895024934e-09
4.687084738806567730e-09
4.681366510572795174e-09
4.675658475449052255e-09
4.669961719276665794e-09
4.664276212114358657e-09
4.658601924021003429e-09
4.652938825055608354e-09
4.647286885277327258e-09
4.641646074745457896e-09
4.636017467156667956e-09
4.630398823959829575e-09
4.624791220190766220e-09
4.619194625909338958e-09
4.613609011175546993e-09
4.608035442063183348e-09
4.602471688502351048e-09
4.596918813050303117e-09
4.591376779956493657e-09
4.585845553470550481e-09
4.580326188234251696e-09
4.574816466403246973e-09
4.569317443932547188e-09
4.563829085072450170e-09
4.558352439239243845e-09
4.552885299051698776e-09
4.547428715229177053e-09
4.541983733295322470e-09
4.536548154790785514e-09
4.531123032172653590e-09
4.525709413859824230e-09
4.520305114780129944e-09
4.514911184640488570e-09
4.509527594458230176e-09
4.504155387526439860e-09
4.498792389036026492e-09
4.493440713285383346e-09
4.488098190567524733e-09
4.482765862900612198e-09
4.477444767225413868e-09
4.472132741451618169e-09
4.466830824400192959e-09
4.461540052300389591e-09
4.456258274320178660e-09
4.450987588191670652e-09
4.445725848107653983e-09
4.440474089655883241e-09
4.435233343423437291e-09
4.430001471104630988e-09
4.424780557930079891e-09
4.419568470571453052e-09
4.414367289291867689e-09
4.409174885721525382e-09
4.403993335174814569e-09
4.398820513310107887e-09
4.393658485953528395e-09
4.388505129126450325e-09
4.383362502831914058e-09
4.378227966831866760e-09
4.373104619170024788e-09
4.367989823882159158e-09
4.362885631203686126e-09
4.357789931809078329e-09
4.352704771077327499e-09
4.347628044530790158e-09
4.342561792710138015e-09
4.337503915967566533e-09
4.332456450814467109e-09
4.327417306370197618e-09
4.322388518298920467e-09
4.317369029153682950e-09
4.312357786268161498e-09
4.307356818136050442e-09
4.302364046619692169e-09
4.297381495454511389e-09
4.292408113164212885e-09
4.287442853009212253e-09
4.282487731620345268e-09
4.277540682702083725e-09
4.272603718170605225e-09
4.267675793462622663e-09
4.262755872696933339e-09
4.257845966733086745e-09
4.252945039517103655e-09
4.248052059662680815e-09
4.243169031028225993e-09
4.238294921063894732e-09
4.233428701861970251e-09
4.228572370318031940e-09
4.223724897367186971e-09
4.218885258561308000e-09
4.214055443871193043e-09
4.209234427697858373e-09
4.204422188678896484e-09
4.199617700260516513e-09
4.194822935212327069e-09
4.190036864500274272e-09
4.185259460073249070e-09
4.180489698590012550e-09
4.175729543712486297e-09
4.170977970965254281e-09
4.166234952297638413e-09
4.161499468886016914e-09
4.156773475350256995e-09
4.152055951740709971e-09
4.147346870007130368e-09
4.142646203061728788e-09
4.137952942494188221e-09
4.133269037486847870e-09
4.128593479475707183e-09
4.123926246185059445e-09
4.119267315339283137e-09
4.114615685042118500e-09
4.109973293363899532e-09
4.105339137302234087e-09
4.100713194581845583e-09
4.096095442927540154e-09
4.091485860064209136e-09
4.086884423716830718e-09
4.082290141068797357e-09
4.077704941746493196e-09
4.073127838788754331e-09
4.068558818258406351e-09
4.063997866218324472e-09
4.059444968731437681e-09
4.054900111860730382e-09
4.050363281669236613e-09
4.045834464220044176e-09
4.041313645576297953e-09
4.036800811801189142e-09
4.032295948957966848e-09
4.027798084141212959e-09
4.023309120207476383e-09
4.018828072121237423e-09
4.014354912673442830e-09
4.009889614655141926e-09
4.005432150857488257e-09
4.000982494071738765e-09
3.996540617089252967e-09
3.992106492701496254e-09
3.987680093700033281e-09
3.983261392876538720e-09
3.978850363022784018e-09
3.974446976930648989e-09
3.970051207392114357e-09
3.965663029330866500e-09
3.961282426197081867e-09
3.956909383572594582e-09
3.952543887039296671e-09
3.948185922179133098e-09
3.943836413569358204e-09
3.939493467768389502e-09
3.935158010388500173e-09
3.930830027011851903e-09
3.926509503220660146e-09
3.922196424597194949e-09
3.917890776723783434e-09
3.913592545182804838e-09
3.909301715123424056e-09
3.905018269961770784e-09
3.900742192680772786e-09
3.896473466263416556e-09
3.892213000407270924e-09
3.887958923654436415e-09
3.883712146716337281e-09
3.879472652576217272e-09
3.875240424217384654e-09
3.871015444623214695e-09
3.866797696777143878e-09
3.862587163662676510e-09
3.858384746930350875e-09
3.854188590864957155e-09
3.849999596283654130e-09
3.845817743970099801e-09
3.841643014708018346e-09
3.837476302974093489e-09
3.833315761176688292e-09
3.829162284784056006e-09
3.825015854580213629e-09
3.820876451349246814e-09
3.816744964636237281e-09
3.812619556722193546e-09
3.808501118135387512e-09
3.804389629660194346e-09
3.800285073208559641e-09
3.796188339072981528e-09
3.792097606088839085e-09
3.788013766651003443e-09
3.783936808309103573e-09
3.779867618600578573e-09
3.775804384133018064e-09
3.771747993412185238e-09
3.767698433987896838e-09
3.763656589541127053e-09
3.759620654399446208e-09
3.755591513205650948e-09
3.751570046765374442e-09
3.747554454382742982e-09
3.743545613923453354e-09
3.739543508261367904e-09
3.735549009714585800e-09
3.731560321319884193e-09
3.727578316345953246e-09
3.723603864269235555e-09
3.719635173815155074e-09
3.715673115405974632e-09
3.711718555690713962e-09
3.707769709054936284e-09
3.703827443088752161e-09
3.699892621627875954e-09
3.695963464984417729e-09
3.692040839403898930e-09
3.688125607690833346e-09
3.684215997234526647e-09
3.680313748074367000e-09
3.676417091320019444e-09
3.672526888846165283e-09
3.668643998822673310e-09
3.664766657916664111e-09
3.660896596905596112e-09
3.657032056146248048e-09
3.653173892886332462e-09
3.649322960699269870e-09
3.645477506685223809e-09
3.641639258594530661e-09
3.637806473345169336e-09
3.633980010986149982e-09
3.630160727922357168e-09
3.626346886538088245e-09
3.622540206705109342e-09
3.618738954436914018e-09
3.614944845982171411e-09
3.611156150971591231e-09
3.607374582042710379e-09
3.603598412431508572e-09
3.599829351176318832e-09
3.596065673337502458e-09
3.592309075521230172e-09
3.588557827524504764e-09
3.584813620609147122e-09
3.581074728141878237e-09
3.577341560113918379e-09
3.573615801111927422e-09
3.569896153521911979e-09
3.566181749619515451e-09
3.562474270010894175e-09
3.558771998701679977e-09
3.555076612769391680e-09
3.551386399742783811e-09
3.547703034661817585e-09
3.544024815964749821e-09
3.540353422583678807e-09
3.536687157936611900e-09
3.533027697461291545e-09
3.529373348064528492e-09
3.525725781701065293e-09
3.522084147412635272e-09
3.518447597709924464e-09
3.514817799344383459e-09
3.511193067895310872e-09
3.507575066659382458e-09
3.503962114665182908e-09
3.500355871842480402e-09
3.496755493672256541e-09
3.493160139141793667e-09
3.489571463419708858e-09
3.485987794568694044e-09
3.482410784341715870e-09
3.478839592580096672e-09
3.475273382527019707e-09
3.471713800832784523e-09
3.468160009892246478e-09
3.464611175485555489e-09
3.461068939185200374e-09
3.457532465927134090e-09
3.454000922778920948e-09
3.450475940074030564e-09
3.446955857071587092e-09
3.443442299512876399e-09
3.439934429118466814e-09
3.436431410950498939e-09
3.432934865738134324e-09
3.429443957710258970e-09
3.425958670207481812e-09
3.422478171612141792e-09
3.419004076008246248e-09
3.415535550950235105e-09
3.412071767296626532e-09
3.408614336265362849e-09
3.405162438340105730e-09
3.401715259382530449e-09
3.398274416127452978e-09
3.394839093616502825e-09
3.391409287729515692e-09
3.387984187595365250e-09
3.384565403409365732e-09
3.381152123485595985e-09
3.377744343703941757e-09
3.374341256439508153e-09
3.370944465390055653e-09
3.367553162121133902e-09
3.364167340430620420e-09
3.360786185508697668e-09
3.357411282105126480e-09
3.354041812523764578e-09
3.350677760152392108e-09
3.347318311303867941e-09
3.343965044313919996e-09
3.340617144696303935e-09
3.337274595838990572e-09
3.333937381130000764e-09
3.330604690859317885e-09
3.327278095402799326e-09
3.323956784257688755e-09
3.320640742165595457e-09
3.317329959281744586e-09
3.314023637962045119e-09
3.310723348805960393e-09
3.307428293382884213e-09
3.304138463201537929e-09
3.300853849770665641e-09
3.297574444599037504e-09
3.294299454735987771e-09
3.291030441387132518e-09
3.287766610822741657e-09
3.284507954551683776e-09
3.281254464082852694e-09
3.278006131293246701e-09
3.274762949532223657e-09
3.271524133477103628e-09
3.268291235694921787e-09
3.265063470092528675e-09
3.261840830387436669e-09
3.258623310297176757e-09
3.255410903539298537e-09
3.252203603831367326e-09
3.249001404890968705e-09
3.245803527515753600e-09
3.242611512022806225e-09
3.239424578449043485e-09
3.236242719147270366e-09
3.233065921010898983e-09
3.229894169568526944e-09
3.226727450348793626e-09
3.223565748880380182e-09
3.220409050692007880e-09
3.217257341312441417e-09
3.214110606270483955e-09
3.210968831094981252e-09
3.207832001314822084e-09
3.204699339319810482e-09
3.201572357661249705e-09
3.198450277983776476e-09
3.195333087310973844e-09
3.192220778644584046e-09
3.189113346480893875e-09
3.186010785316205428e-09
3.182913089646840237e-09
3.179820253969130592e-09
3.176732272779429459e-09
3.173649140574101799e-09
3.170570851849528705e-09
3.167497401102108637e-09
3.164428782828254948e-09
3.161364991524395464e-09
3.158306021686977037e-09
3.155251866858121631e-09
3.152202516762627657e-09
3.149157960170987251e-09
3.146118185853723152e-09
3.143083182581393257e-09
3.140052939124583171e-09
3.137027444253914483e-09
3.134006686740039801e-09
3.130990655353643165e-09
3.127979338865440048e-09
3.124972726046178184e-09
3.121970805666640047e-09
3.118973566497636652e-09
3.115981739597453510e-09
3.112993830267980381e-09
3.110010571577451163e-09
3.107031953854130991e-09
3.104057967426317258e-09
3.101088602622330934e-09
3.098123849770525246e-09
3.095163699199276172e-09
3.092208141236989465e-09
3.089257166212099419e-09
3.086310764453065968e-09
3.083368926288377998e-09
3.080431642046552107e-09
3.077498902429741133e-09
3.074571431808302043e-09
3.071647757709283132e-09
3.068728605573485456e-09
3.065813967971197157e-09
3.062903837472727466e-09
3.059998206648405883e-09
3.057097068068583414e-09
3.054200414303633398e-09
3.051308237923948612e-09
3.048421257450817467e-09
3.045538012866831645e-09
3.042659223380479702e-09
3.039784881170814028e-09
3.036914976851211955e-09
3.034049500643655423e-09
3.031188442770151184e-09
3.028332514623115172e-09
3.025480263405133762e-09
3.022632401188444997e-09
3.019788918195166059e-09
3.016949804647443907e-09
3.014115050767452386e-09
3.011285363891046703e-09
3.008459299340655941e-09
3.005637565125716340e-09
3.002820151959207704e-09
3.000007052516920925e-09
2.997198973726835896e-09
2.994394480565179568e-09
2.991594280628352496e-09
2.988798367082919689e-09
2.986006733095467246e-09
2.983220082267465745e-09
2.980436986233537026e-09
2.977658149258474832e-09
2.974883564508939708e-09
2.972113225151614535e-09
2.969347831486833513e-09
2.966585961109624725e-09
2.963828311742580254e-09
2.961074872669258456e-09
2.958326337684019490e-09
2.955581286395716819e-09
2.952840413252988134e-09
2.950103707539506353e-09
2.947371158538982033e-09
2.944643456789755867e-09
2.941919188418120498e-09
2.939199044611730240e-09
2.936483014654413935e-09
2.933771786497418059e-09
2.931063952125084924e-09
2.928360203532020342e-09
2.925661230816934229e-09
2.922965633225455205e-09
2.920274101498749477e-09
2.917586628998366308e-09
2.914903903263085590e-09
2.912224528662478952e-09
2.909549193373916750e-09
2.906878583026340854e-09
2.904211305812042552e-09
2.901548047995671038e-09
2.898888802938903787e-09
2.896234253489461566e-09
2.893583011668871026e-09
2.890935759715851134e-09
2.888293177347445045e-09
2.885653880119607188e-09
2.883018548378426343e-09
2.880387859959681767e-09
2.877760434184887302e-09
2.875136949516037633e-09
2.872518081916094872e-09
2.869902454455212295e-09
2.867290743719756685e-09
2.864683623808281299e-09
2.862079721020827005e-09
2.859479707566937031e-09
2.856884252677569863e-09
2.854291983858254312e-09
2.851703570957799014e-09
2.849119681359406819e-09
2.846538946267141571e-09
2.843962710973652012e-09
2.841389609139543118e-09
2.838820307534021835e-09
2.836255470478908798e-09
2.833693735306015627e-09
2.831135766947723167e-09
2.828582229430241277e-09
2.826031771392426043e-09
2.823485737541470104e-09
2.820942780474319382e-09
2.818403571262358769e-09
2.815868778558229218e-09
2.813337058587012828e-09
2.810809750009053139e-09
2.808285511459278209e-09
2.805765010987892523e-09
2.803248914244168718e-09
2.800735883464453922e-09
2.798227251306770952e-09
2.795721680627004535e-09
2.793219827613859244e-09
2.790722344300369458e-09
2.788227888254679416e-09
2.785737775541833547e-09
2.783250666104411275e-09
2.780767873636643240e-09
2.778288060448551064e-09
2.775811876795223394e-09
2.773339970573074379e-09
2.770871007630284418e-09
2.768406295764436993e-09
2.765944503173883585e-09
2.763486936690765064e-09
2.761032273762722915e-09
2.758581825788000338e-09
2.756134273931947487e-09
2.753690927259715278e-09
2.751250469266405580e-09
2.748814206690837159e-09
2.746380825351110910e-09
2.743950976173876948e-09
2.741525307771240150e-09
2.739102509433172827e-09
2.736683882112134991e-09
2.734268117404290084e-09
2.731856513117867562e-09
2.729447758941374116e-09
2.727042821445538522e-09
2.724641041524537185e-09
2.722243383173481380e-09
2.719848539818504560e-09
2.717457798192325361e-09
2.715069854000690638e-09
2.712685991700084245e-09
2.710305554754269942e-09
2.707927888895126672e-09
2.705554275177055267e-09
2.703183414976175315e-09
2.700816587539144807e-09
2.698452498759786491e-09
2.696092427892202570e-09
2.693735083532725699e-09
2.691381742688412018e-09
2.689031116199496542e-09
2.686684478832394212e-09
2.684340543664853672e-09
2.682000583229025399e-09
2.679663312833803204e-09
2.677330002783432877e-09
2.675000007693843002e-09
2.672672684400997059e-09
2.670349300132892119e-09
2.668028577017282892e-09
2.665711781338743802e-09
2.663397637687815904e-09
2.661087410143213296e-09
2.658780458720181375e-09
2.656476145632048710e-09
2.654175731660458201e-09
2.651877946891197504e-09
2.649584049915645273e-09
2.647293403494740598e-09
2.645005372571974187e-09
2.642721212464951038e-09
2.640439657981354811e-09
2.638161958591408157e-09
2.635886847601977671e-09
2.633615571580140547e-09
2.631347492691167813e-09
2.629081975261376658e-09
2.626820262616363337e-09
2.624561718543368952e-09
2.622305708981592531e-09
2.620053474028783809e-09
2.617803755617979682e-09
2.615557791702548106e-09
2.613314948757872372e-09
2.611074596512066780e-09
2.608837975291810745e-09
2.606604459870823432e-09
2.604373427150910332e-09
2.602146115382389795e-09
2.599921281723002086e-09
2.597700162302379608e-09
2.595482134552526632e-09
2.593266578018782642e-09
2.591054725660802660e-09
2.588845956496710611e-09
2.586639651649147470e-09
2.584437040921015431e-09
2.582237503909279974e-09
2.580040418303990980e-09
2.577847004760536530e-09
2.575656639445505370e-09
2.573468700612486097e-09
2.571284405786454700e-09
2.569103132700377261e-09
2.566924261165547545e-09
2.564749005589533972e-09
2.562576745265167978e-09
2.560406861555015928e-09
2.558240565762126975e-09
2.556077238732741348e-09
2.553916872321615277e-09
2.551758853369091675e-09
2.549604393161889080e-09
2.547452878710696673e-09
2.545303699076157367e-09
2.543158062470104594e-09
2.541015357441766514e-09
2.538874974581930382e-09
2.536738119040132969e-09
2.534604180897842851e-09
2.532473155429239050e-09
2.530344435255571697e-09
2.528219221462794903e-09
2.526096905719530045e-09
2.523977481069585630e-09
2.521860339477132187e-09
2.519746675310187234e-09
2.517635880029140181e-09
2.515527347105542712e-09
2.513422267890741314e-09
2.511320035354552999e-09
2.509220642094806884e-09
2.507123483583389960e-09
2.505029747168451064e-09
2.502938827822851117e-09
2.500850718144475486e-09
2.498764816337391619e-09
2.496682309481077195e-09
2.494602598996230854e-09
2.492525681936367427e-09
2.490450962197432132e-09
2.488379623641150215e-09
2.486311069669764146e-09
2.484245297336810261e-09
2.482182303695831513e-09
2.480121495101452103e-09
2.478064050494821583e-09
2.476009375740168058e-09
2.473957467891057643e-09
2.471907734560422097e-09
2.469861347292954671e-09
2.467817709730064701e-09
2.465776814744831032e-09
2.463738655210348224e-09
2.461702637684888620e-09
2.459669928155102213e-09
2.457639932694783315e-09
2.455612644177079427e-09
2.453588055475155832e-09
2.451565575560213735e-09
2.449546365590039846e-09
2.447529834054578793e-09
2.445515974256763338e-09
2.443504781218391840e-09
2.441496250390989602e-09
2.439489796198460875e-09
2.437486576624437315e-09
2.435486005615369148e-09
2.433488078622814350e-09
2.431492791098341239e-09
2.429500138493525577e-09
2.427509538083944517e-09
2.425522142146277403e-09
2.423537367482421374e-09
2.421555209543987347e-09
2.419575663710243918e-09
2.417598725071063927e-09
2.415623813297094972e-09
2.413652074568996791e-09
2.411682928087467964e-09
2.409716368870069618e-09
2.407752391934372389e-09
2.405790992297956843e-09
2.403832164978412228e-09
2.401875332918986443e-09
2.399921635751045735e-09
2.397970495952194047e-09
2.396021908540058678e-09
2.394075868336796705e-09
2.392132369382649157e-09
2.390191405522390145e-09
2.388252970600801229e-09
2.386316490091803362e-09
2.384383095042178172e-09
2.382452210465048281e-09
2.380523830205245706e-09
2.378597948107612388e-09
2.376674558017007641e-09
2.374753653778294499e-09
2.372835229236355437e-09
2.370919278236078305e-09
2.369005231389985120e-09
2.367094216587708460e-09
2.365185669075623725e-09
2.363279588805836743e-09
2.361375975730456240e-09
2.359474829801588457e-09
2.357576150971340878e-09
2.355679939191821399e-09
2.353786194415137505e-09
2.351894916593397091e-09
2.350006105678706815e-09
2.348119202344503350e-09
2.346235325548677291e-09
2.344353913947130853e-09
2.342474959649441525e-09
2.340598453196693952e-09
2.338724385129993043e-09
2.336852745990459424e-09
2.334983526319233159e-09
2.333116716657472098e-09
2.331252307546352286e-09
2.329390289527066730e-09
2.327530653140827870e-09
2.325673388928864695e-09
2.323818487432426456e-09
2.321965939192777709e-09
2.320115736156186916e-09
2.318267323716024273e-09
2.316421805628495372e-09
2.314578628252092487e-09
2.312737790558024620e-09
2.310899291517501187e-09
2.309063130101734914e-09
2.307229305281938524e-09
2.305397816029328465e-09
2.303568661315122425e-09
2.301741840110540159e-09
2.299917351386803078e-09
2.298095194115135072e-09
2.296275366278668391e-09
2.294457861908167053e-09
2.292642674046315430e-09
2.290829795735809885e-09
2.289019220019360845e-09
2.287210939939691145e-09
2.285404948539537679e-09
2.283601238861650580e-09
2.281799803948792386e-09
2.280000636843740112e-09
2.278203730589282353e-09
2.276409078228223006e-09
2.274616672803377964e-09
2.272826508651617704e-09
2.271038585285986789e-09
2.269252903513571548e-09
2.267469464141456652e-09
2.265688267976723880e-09
2.263909315826454597e-09
2.262132608497730167e-09
2.260358146797627405e-09
2.258585931533222298e-09
2.256815963511591663e-09
2.255048243539807350e-09
2.253282772424942865e-09
2.251519550974067166e-09
2.249758578353699833e-09
2.247999847168156733e-09
2.246243348381221730e-09
2.244489072956694404e-09
2.242737011858390462e-09
2.240987156050144226e-09
2.239239496495808215e-09
2.237494557104659345e-09
2.235751262534784648e-09
2.234010137110993568e-09
2.232271171797202316e-09
2.230534357557346956e-09
2.228799685355379683e-09
2.227067147739626576e-09
2.225336743595851363e-09
2.223608473394174700e-09
2.221882337604716003e-09
2.220158336697595515e-09
2.218436471142930171e-09
2.216716741410837730e-09
2.214999147971433888e-09
2.213283691294834751e-09
2.211570371851154357e-09
2.209859190110506334e-09
2.208150672503172566e-09
2.206443767172607874e-09
2.204738999832344211e-09
2.203036365334613287e-09
2.201335857408080767e-09
2.199637469781425966e-09
2.197941196183338125e-09
2.196247030342520545e-09
2.194554965987686456e-09
2.192864996847562734e-09
2.191177116650887011e-09
2.189491319126409738e-09
2.187808119120516361e-09
2.186126467726426226e-09
2.184446880191346726e-09
2.182769351047995340e-09
2.181093878044776931e-09
2.179420459734020787e-09
2.177749094668057851e-09
2.176079781399223619e-09
2.174412518479854411e-09
2.172747821994773113e-09
2.171084655035449723e-09
2.169423534083107794e-09
2.167764457690093573e-09
2.166107424408759510e-09
2.164452432791457230e-09
2.162799481390544559e-09
2.161148568345171590e-09
2.159499690141664505e-09
2.157853356839959981e-09
2.156208536148025909e-09
2.154565738517837080e-09
2.152924960022538826e-09
2.151286196735285575e-09
2.149649444729239616e-09
2.148014700077568612e-09
2.146382470109554103e-09
2.144751727997981500e-09
2.143122981460811692e-09
2.141496226571241293e-09
2.139871459390927750e-09
2.138248675935332953e-09
2.136627872208379209e-09
2.135009552762709951e-09
2.133392696119948289e-09
2.131777807218105386e-09
2.130164882061133742e-09
2.128553916652990818e-09
2.126944906997642762e-09
2.125338355345472641e-09
2.123733244825554585e-09
2.122130078070838143e-09
2.120528851085318827e-09
2.118929560306222208e-09
2.117332203903658918e-09
2.115737284441764527e-09
2.114143792222960659e-09
2.112552230191169626e-09
2.110962596949736253e-09
2.109374891102007022e-09
2.107789111251332964e-09
2.106205757692800995e-09
2.104623825269723845e-09
2.103043814654223557e-09
2.101465724449660675e-09
2.099889553259398637e-09
2.098315798953263891e-09
2.096743457398539769e-09
2.095173024104898394e-09
2.093604494393833521e-09
2.092037863586848826e-09
2.090473624951979308e-09
2.088910777545665515e-09
2.087349815008440899e-09
2.085790732661841399e-09
2.084233525827414534e-09
2.082678685917563663e-09
2.081125215702355039e-09
2.079573606964452126e-09
2.078023855595260401e-09
2.076476454379803423e-09
2.074930412461965735e-09
2.073386223565070403e-09
2.071843886429662978e-09
2.070303399796287774e-09
2.068765255184063960e-09
2.067228465410573363e-09
2.065693522361206594e-09
2.064160424776519130e-09
2.062629662714964013e-09
2.061100251917238317e-09
2.059572682806309178e-09
2.058046953471851361e-09
2.056523059399982034e-09
2.055001484927853653e-09
2.053481245524993223e-09
2.051962825890895115e-09
2.050446220860822670e-09
2.048931913327006766e-09
2.047418921650658036e-09
2.045907729084617988e-09
2.044398330464188838e-09
2.042891207243550453e-09
2.041385380661835289e-09
2.039881332532122403e-09
2.038379058452116872e-09
2.036879042256549502e-09
2.035380312623036036e-09
2.033883354505863566e-09
2.032388167314559966e-09
2.030895234221679352e-09
2.029403586755617425e-09
2.027913708444434812e-09
2.026426081396703473e-09
2.024939739270055212e-09
2.023455164527306635e-09
2.021972356577991821e-09
2.020491796117930206e-09
2.019012519002832217e-09
2.017535003135469990e-09
2.016059244150658404e-09
2.014585717563463125e-09
2.013113458897766527e-09
2.011642944019532564e-09
2.010174647393690510e-09
2.008707606645709088e-09
2.007242296590170123e-09
2.005778712861946400e-09
2.004317328531562775e-09
2.002857184015033467e-09
2.001398752730891453e-09
1.999942507520858471e-09
1.998487494948766398e-09
1.997034192266625768e-09
1.995583075341808397e-09
1.994133193627803197e-09
1.992685023337528825e-09
1.991238564982109282e-09
1.989794293050789228e-09
1.988351259754928608e-09
1.986909939927691861e-09
1.985470807029010286e-09
1.984032915330086094e-09
1.982596738633546963e-09
1.981162747864249705e-09
1.979729991798731026e-09
1.978298934156171131e-09
1.976870037292307180e-09
1.975442350519466818e-09
1.974016336533676487e-09
1.972592456672338740e-09
1.971169762285781784e-09
1.969748715050501765e-09
1.968329775289111924e-09
1.966911996382829345e-09
1.965495838992185024e-09
1.964081762428492767e-09
1.962668824257772329e-09
1.961257494932648903e-09
1.959848245722031428e-09
1.958440147013429406e-09
1.957033670411316619e-09
1.955629286180147076e-09
1.954226066717427883e-09
1.952824482622019424e-09
1.951425003157416031e-09
1.950026702724142247e-09
1.948630050918932041e-09
1.947235516007842613e-09
1.945842174387379537e-09
1.944450492636114754e-09
1.943060927928480751e-09
1.941672546532613103e-09
1.940285803934317113e-09
1.938901154298176821e-09
1.937517665874214914e-09
1.936136254360222802e-09
1.934755989323600941e-09
1.933377324599651793e-09
1.932000712710165053e-09
1.930625225192865131e-09
1.929251314897380694e-09
1.927879433364368865e-09
1.926508655440477093e-09
1.925139898305563737e-09
1.923772244838576363e-09
1.922406154326330995e-09
1.921042084754112600e-09
1.919679120953163054e-09
1.918317721233590398e-09
1.916958342608436321e-09
1.915600071854540157e-09
1.914243822299973063e-09
1.912888682014915928e-09
1.911535107689071329e-09
1.910183554722525500e-09
1.908833112325966031e-09
1.907484686633844455e-09
1.906137364173165091e-09
1.904791595259065696e-09
1.903447828924508173e-09
1.902105153619789370e-09
1.900764471480017420e-09
1.899424872233996070e-09
1.898086804595096892e-09
1.896750716001862206e-09
1.895415698095372313e-09
1.894082649823666347e-09
1.892750664099039911e-09
1.891420188807301807e-09
1.890091673626802584e-09
1.888764217961453272e-09
1.887438722180515855e-09
1.886114286951901581e-09
1.884791362402995994e-09
1.883470397400774798e-09
1.882150494503760693e-09
1.880832550930196025e-09
1.879515670495413445e-09
1.878200749162284227e-09
1.876886892000071146e-09
1.875574546934220671e-09
1.874264159754589182e-09
1.872954832979668388e-09
1.871647454134970270e-09
1.870341126100489692e-09
1.869036735156438076e-09
1.867733385426713325e-09
1.866431517340961627e-09
1.865131570088488798e-09
1.863832649653736179e-09
1.862535639216077498e-09
1.861239645996803351e-09
1.859945551939861581e-09
1.858652465500606096e-09
1.857361268322769667e-09
1.856071074755156104e-09
1.854782328039161242e-09
1.853495470188342970e-09
1.852209618325689577e-09
1.850925655687506325e-09
1.849642700621169282e-09
1.848361635139973600e-09
1.847081578812924272e-09
1.845803412433063126e-09
1.844526256788265020e-09
1.843250991454080206e-09
1.841976738434491246e-09
1.840703936639458652e-09
1.839433019893682824e-09
1.838163106211230920e-09
1.836895066327114899e-09
1.835628019464632648e-09
1.834362835150962505e-09
1.833098633815905457e-09
1.831836283781524337e-09
1.830574906681412564e-09
1.829315369635218829e-09
1.828056795477639609e-09
1.826800050128587454e-09
1.825544257621193621e-09
1.824290283833782086e-09
1.823037259772714693e-09
1.821786055899314150e-09
1.820535805568559935e-09
1.819287378049957423e-09
1.818039907888973527e-09
1.816794263165940367e-09
1.815549579614163870e-09
1.814306724127454015e-09
1.813064833624302144e-09
1.811824342207887488e-09
1.810585682799522512e-09
1.809347994090487438e-09
1.808112138770392808e-09
1.806877250461400541e-09
1.805643969360652134e-09
1.804411859298582056e-09
1.803181559150988119e-09
1.801952203639627209e-09
1.800724645682856284e-09
1.799498021173048928e-09
1.798273181859281920e-09
1.797049692890926321e-09
1.795827120583423497e-09
1.794606314936777855e-09
1.793386414758574933e-09
1.792168270134910027e-09
1.790951027279672565e-09
1.789735541363327291e-09
1.788520961007762080e-09
1.787308140225641109e-09
1.786096228795375036e-09
1.784886079574365879e-09
1.783676843495006805e-09
1.782469372261980014e-09
1.781262817959114499e-09
1.780058031140924290e-09
1.778854165040119457e-09
1.777652069063603294e-09
1.776450896384289814e-09
1.775251489233450967e-09
1.774052995897189761e-09
1.772856256258189670e-09
1.771660419743782119e-09
1.770466325096722079e-09
1.769273544358666404e-09
1.768081650708080530e-09
1.766891481182538502e-09
1.765702188051425570e-09
1.764514607218644069e-09
1.763327892086047823e-09
1.762142877426331009e-09
1.760958719053648068e-09
1.759776257023344227e-09
1.758594654688556345e-09
1.757414752260564568e-09
1.756236132589080336e-09
1.755058379647108783e-09
1.753882331960977417e-09
1.752707155692045028e-09
1.751533688246396485e-09
1.750361096904394515e-09
1.749190217954338487e-09
1.748020219793131720e-09
1.746851937593754944e-09
1.745684955244872925e-09
1.744518851821190873e-09
1.743354451938088057e-09
1.742190917883769992e-09
1.741029073164487512e-09
1.739868081176393353e-09
1.738708764319044308e-09
1.737550701016588510e-09
1.736393470796888832e-09
1.735237894403965422e-09
1.734083137993304709e-09
1.732930021208203182e-09
1.731777711303735208e-09
1.730627028444239380e-09
1.729477561079413826e-09
1.728328900373881323e-09
1.727181872945845225e-09
1.726035658505677202e-09
1.724891082578975110e-09
1.723747325967533045e-09
1.722605213106679112e-09
1.721464335979588791e-09
1.720324287656766683e-09
1.719185890942534080e-09
1.718048329356982137e-09
1.716912424620046132e-09
1.715777768778895544e-09
1.714643949784437770e-09
1.713511779967990260e-09
1.712380437786674713e-09
1.711250734493369790e-09
1.710122257014199370e-09
1.708994593350811555e-09
1.707868553142827418e-09
1.706743317536205886e-09
1.705619695097971619e-09
1.704497274097943637e-09
1.703375643875685878e-09
1.702255611393633440e-09
1.701136361287546016e-09
1.700018703530034507e-09
1.698902232619868360e-09
1.697786544119875901e-09
1.696672447221988204e-09
1.695559133299182097e-09
1.694447410482151086e-09
1.693336874599035265e-09
1.692227122536382309e-09
1.691118960837272182e-09
1.690011583520705314e-09
1.688905796074178084e-09
1.687801195648134424e-09
1.686697379732994462e-09
1.685595148673204319e-09
1.684494096132509710e-09
1.683393816824035047e-09
1.682295108805398378e-09
1.681197166023207561e-09
1.680100785488510227e-09
1.679005562176095312e-09
1.677911092104568486e-09
1.676818170719273787e-09
1.675726393778285597e-09
1.674635358080209677e-09
1.673545857509616676e-09
1.672457489636736002e-09
1.671369857194415933e-09
1.670283758699350660e-09
1.669198400009203100e-09
1.668114578606090936e-09
1.667031898512835724e-09
1.665949964784115756e-09
1.664869573354254409e-09
1.663790329020367645e-09
1.662711837608161006e-09
1.661634893509066057e-09
1.660559102292045331e-09
1.659484070551361452e-09
1.658410589908700773e-09
1.657338260543479469e-09
1.656266682425340091e-09
1.655196639484042325e-09
1.654127337375087387e-09
1.653059559008968124e-09
1.651992904610170473e-09
1.650926975419776038e-09
1.649862552823413428e-09
1.648799237808429903e-09
1.647736632375577954e-09
1.646675516390406777e-09
1.645615491600725717e-09
1.644556161891643166e-09
1.643498311248507002e-09
1.642441548939420911e-09
1.641385485239637225e-09
1.640330903750810099e-09
1.639277414496789753e-09
1.638224628505458240e-09
1.637173327872416181e-09
1.636123123374924169e-09
1.635073626791149330e-09
1.634025618715326389e-09
1.632978710675784146e-09
1.631932515198618787e-09
1.630887810528012448e-09
1.629844204674034430e-09
1.628801305787989542e-09
1.627759886355155084e-09
1.626719554278578695e-09
1.625680305738231740e-09
1.624641749875902048e-09
1.623604657194915290e-09
1.622568636589837757e-09
1.621533297942625938e-09
1.620499410275539441e-09
1.619466583224080220e-09
1.618434427408093088e-09
1.617403711155952648e-09
1.616374048754862107e-09
1.615345056255958788e-09
1.614317504428691389e-09
1.613291009079242172e-09
1.612265571083281077e-09
1.611240807469241744e-09
1.610217487050962392e-09
1.609195226612927452e-09
1.608173643913895151e-09
1.607153506306287116e-09
1.606134431305670683e-09
1.605116037398853920e-09
1.604099089605744784e-09
1.603083201792489217e-09
1.602068369580878552e-09
1.601054207171051927e-09
1.600041473269294391e-09
1.599029781834331594e-09
1.598018747789095367e-09
1.597009128393584543e-09
1.596000538330061306e-09
1.594992593242036027e-09
1.593986048947660179e-09
1.592980520850509643e-09
1.591976004572420214e-09
1.590972117721936808e-09
1.589969619239871479e-09
1.588968131534108900e-09
1.587967656272466872e-09
1.586967817055309562e-09
1.585969371923131583e-09
1.584971944238278984e-09
1.583975158313698531e-09
1.582979770763974353e-09
1.581985405664762186e-09
1.580992064683869492e-09
1.579999373080950213e-09
1.579008085576177370e-09
1.578017826150031920e-09
1.577028591256030134e-09
1.576040000839491819e-09
1.575052801476868033e-09
1.574066612878151696e-09
1.573081055693238105e-09
1.572096875088748018e-09
1.571113691479974660e-09
1.570131500277609152e-09
1.569149923067648477e-09
1.568169703143624522e-09
1.567190461857877667e-09
1.566212194621117643e-09
1.565234524901935026e-09
1.564258198879465965e-09
1.563282844540754453e-09
1.562308462997941513e-09
1.561334683399437474e-09
1.560362251016420584e-09
1.559390794765488355e-09
1.558420315758777262e-09
1.557450444069611288e-09
1.556481923118396936e-09
1.555514382747575953e-09
1.554547824069279849e-09
1.553581878078013406e-09
1.552617285584657010e-09
1.551653673522689801e-09
1.550691038406952120e-09
1.549729007552109232e-09
1.548768316102146056e-09
1.547808591142721250e-09
1.546849829188689836e-09
1.545891658468483033e-09
1.544934812297678698e-09
1.543978918676622094e-09
1.543023974120180858e-09
1.542069607766913182e-09
1.541116551111285395e-09
1.540164433776272302e-09
1.539213255834746860e-09
1.538263018071179867e-09
1.537313355026313539e-09
1.536365000197917849e-09
1.535417587900664073e-09
1.534471118919019698e-09
1.533525228695758920e-09
1.532580648923680544e-09
1.531637014820385109e-09
1.530694327170336999e-09
1.529752586758000186e-09
1.528811430148622827e-09
1.527871586037841333e-09
1.526932687011486412e-09
1.525994729347578868e-09
1.525057345998854262e-09
1.524121260116837746e-09
1.523186104431126499e-09
1.522251875219756214e-09
1.521318568760765067e-09
1.520385819119321017e-09
1.519454347221041963e-09
1.518523786909061149e-09
1.517594134461432054e-09
1.516665386156211257e-09
1.515737178018903705e-09
1.514810233026901245e-09
1.513884191251512272e-09
1.512959054090913559e-09
1.512034822943281464e-09
1.511111139202464380e-09
1.510188724494957371e-09
1.509267219994720027e-09
1.508346627099923124e-09
1.507426588081782783e-09
1.506507822811171874e-09
1.505589973340287910e-09
1.504673041067293394e-09
1.503757026688427075e-09
1.502841928092220484e-09
1.501927384647854982e-09
1.501014109394290666e-09
1.500101741483005298e-09
1.499190278100615756e-09
1.498279716433743049e-09
1.497369696936889888e-09
1.496460930477339696e-09
1.495553057292970851e-09
1.494646074570413254e-09
1.493739979496302187e-09
1.492834413605128047e-09
1.491930085727432663e-09
1.491026637803377105e-09
1.490124067765089666e-09
1.489222373544700911e-09
1.488321553074344094e-09
1.487421249923045324e-09
1.486522170963269298e-09
1.485623959549729140e-09
1.484726613614563895e-09
1.483830131089917984e-09
1.482934156613327036e-09
1.482039394919239954e-09
1.481145490431908188e-09
1.480252441562366585e-09
1.479360248637183777e-09
1.478468912461810754e-09
1.477578081822535220e-09
1.476688461774992655e-09
1.475799700893404195e-09
1.474911799983218555e-09
1.474024759849881971e-09
1.473138581298841711e-09
1.472252914384467006e-09
1.471368461624983929e-09
1.470484872863926605e-09
1.469602148906736720e-09
1.468720290104514808e-09
1.467839294990991209e-09
1.466958812155168568e-09
1.466079538866606416e-09
1.465201123504711411e-09
1.464323564148878531e-09
1.463446858878504410e-09
1.462571005772988574e-09
1.461696002911731172e-09
1.460821500345246772e-09
1.459948192418691736e-09
1.459075728974405946e-09
1.458204108091799893e-09
1.457333327942955795e-09
1.456463387070650247e-09
1.455593937326293053e-09
1.454725671120194399e-09
1.453858240096793160e-09
1.452991642891543865e-09
1.452125878139903529e-09
1.451260944477330195e-09
1.450396840539281912e-09
1.449533219620440039e-09
1.448670771243216727e-09
1.447809148496707727e-09
1.446948350016377911e-09
1.446088374394893204e-09
1.445229220053718165e-09
1.444370885371518618e-09
1.443513024819793580e-09
1.442656324795569681e-09
1.441800439566134070e-09
1.440945367510159395e-09
1.440091107006319543e-09
1.439237656433289020e-09
1.438385014169746470e-09
1.437533178594369502e-09
1.436681805805428370e-09
1.435831578944904867e-09
1.434982154329764838e-09
1.434133532445508917e-09
1.433285714199002920e-09
1.432438700497108114e-09
1.431592492246687833e-09
1.430747090354603550e-09
1.429902155061783339e-09
1.429058368807897496e-09
1.428215391632733755e-09
1.427373224443150282e-09
1.426531868146003998e-09
1.425691323648150796e-09
1.424851591856446150e-09
1.424012672898547190e-09
1.423174224721557420e-09
1.422336921884094099e-09
1.421500421354477763e-09
1.420664719364393868e-09
1.419829812145532210e-09
1.418995695929587344e-09
1.418162366948254444e-09
1.417329821433235923e-09
1.416498055616235225e-09
1.415666728453008933e-09
1.414836510924885957e-09
1.414007061789731704e-09
1.413178378263604477e-09
1.412350461499919956e-09
1.411523313636430484e-09
1.410696936810886124e-09
1.409871333161035496e-09
1.409046504824625356e-09
1.408222118436293072e-09
1.407398847336055082e-09
1.406576357962297879e-09
1.405754652452759120e-09
1.404933732945174603e-09
1.404113601577278470e-09
1.403294260486801140e-09
1.402475710812289725e-09
1.401657949695556656e-09
1.400840973279235398e-09
1.400024444155043215e-09
1.399209025761648955e-09
1.398394380496402084e-09
1.397580504501951164e-09
1.396767393920948477e-09
1.395955044896049410e-09
1.395143453569914103e-09
1.394332616085205179e-09
1.393522528584588984e-09
1.392713187210736826e-09
1.391904588905054712e-09
1.391096402379086807e-09
1.390289291609697716e-09
1.389482925914771952e-09
1.388677306229375777e-09
1.387872433488574216e-09
1.387068308627430845e-09
1.386264932581009239e-09
1.385462306284371735e-09
1.384660430672579425e-09
1.383859306680693198e-09
1.383058935243772909e-09
1.382259317296876134e-09
1.381460453239666562e-09
1.380662012390299811e-09
1.379864650541204901e-09
1.379068036285076687e-09
1.378272167344608359e-09
1.377477041442494143e-09
1.376682656301431780e-09
1.375889009644118597e-09
1.375096099193256885e-09
1.374303922671549969e-09
1.373512477801702413e-09
1.372721762306423539e-09
1.371931773908421428e-09
1.371142510787624729e-09
1.370353972952822442e-09
1.369565834572571803e-09
1.368778748895218522e-09
1.367992389901701418e-09
1.367206758058022614e-09
1.366421853830186510e-09
1.365637677684195850e-09
1.364854230086051931e-09
1.364071511501756670e-09
1.363289522397312399e-09
1.362508263238719795e-09
1.361727734491978293e-09
1.360947936171863406e-09
1.360168866488245034e-09
1.359390523199770394e-09
1.358612904065088978e-09
1.357836006842851518e-09
1.357059829291711229e-09
1.356284046035860209e-09
1.355509301287389774e-09
1.354735269485819816e-09
1.353961948389812647e-09
1.353189335758033269e-09
1.352417429349147924e-09
1.351646226921825751e-09
1.350875726728186345e-09
1.350105928994147206e-09
1.349336834439072779e-09
1.348568443782327922e-09
1.347800757743276457e-09
1.347033777041281382e-09
1.346267502395705485e-09
1.345501934525910730e-09
1.344737074151257838e-09
1.343972921991107324e-09
1.343209478764819495e-09
1.342446745191752386e-09
1.341684721991265269e-09
1.340923409319972181e-09
1.340162805083516949e-09
1.339402906624801060e-09
1.338643392353324755e-09
1.337884897659441220e-09
1.337127100771852796e-09
1.336369999033472550e-09
1.335613589787216234e-09
1.334857870376001878e-09
1.334102838142749993e-09
1.333348490430383361e-09
1.332594824581827872e-09
1.331841837940012100e-09
1.331089528251478300e-09
1.330337894877218904e-09
1.329586937581838988e-09
1.328836656129943216e-09
1.328087050286137286e-09
1.327338119815026481e-09
1.326589864481216706e-09
1.325842284049313659e-09
1.325095378283923450e-09
1.324349146949653432e-09
1.323603589811108681e-09
1.322858706632897378e-09
1.322114497179625839e-09
1.321370961382187261e-09
1.320628099836616560e-09
1.319885913305233256e-09
1.319144402550356247e-09
1.318403568334303606e-09
1.317663411419393198e-09
1.316923932567941855e-09
1.316185132542265373e-09
1.315447012104679343e-09
1.314709572017498115e-09
1.313972813043035624e-09
1.313236735943605187e-09
1.312501341481519085e-09
1.311766629604003609e-09
1.311032596997941912e-09
1.310299239535135497e-09
1.309566553087389591e-09
1.308834533526513764e-09
1.308103176724320894e-09
1.307372478552628408e-09
1.306642434883257455e-09
1.305913041588031875e-09
1.305184294538781915e-09
1.304456189607340100e-09
1.303728722665542468e-09
1.303001889585230642e-09
1.302275687354325683e-09
1.301550117425057307e-09
1.300825182365730119e-09
1.300100884744646657e-09
1.299377227130106150e-09
1.298654212090406585e-09
1.297931842193841815e-09
1.297210120008705277e-09
1.296489048103285448e-09
1.295768629045871835e-09
1.295048865404748573e-09
1.294329759748197518e-09
1.293611314644499701e-09
1.292893531782194004e-09
1.292176409330868282e-09
1.291459944580372173e-09
1.290744134820558827e-09
1.290028977341285532e-09
1.289314469432408749e-09
1.288600608383790521e-09
1.287887391485295166e-09
1.287174816026787625e-09
1.286462879298137177e-09
1.285751578589214967e-09
1.285040911189895445e-09
1.284330874390054717e-09
1.283621465883380474e-09
1.282912684978794539e-09
1.282204531389028872e-09
1.281497004826814608e-09
1.280790105004883707e-09
1.280083831635968130e-09
1.279378184432800250e-09
1.278673163108113062e-09
1.277968767374638320e-09
1.277264996945110260e-09
1.276561851532261462e-09
1.275859330848826989e-09
1.275157434607539421e-09
1.274456162431636809e-09
1.273755513586368942e-09
1.273055487247491077e-09
1.272356082590757027e-09
1.271657298791923497e-09
1.270959135026746778e-09
1.270261590470984198e-09
1.269564664300393909e-09
1.268868355690735099e-09
1.268172663817767575e-09
1.267477587857251559e-09
1.266783126984948307e-09
1.266089280376619900e-09
1.265396348915201501e-09
1.264703729721630000e-09
1.264011724932841613e-09
1.263320335031285294e-09
1.262629560499408968e-09
1.261939401819660969e-09
1.261249859474488806e-09
1.260560933946339782e-09
1.259872625717660165e-09
1.259184935270896429e-09
1.258497863088493602e-09
1.257811409652897331e-09
1.257125575446552437e-09
1.256440360318489979e-09
1.255755761584089075e-09
1.255071775925319633e-09
1.254388400024153420e-09
1.253705630562565719e-09
1.253023464222535537e-09
1.252341897686045601e-09
1.251660927635078846e-09
1.250980550751625238e-09
1.250300763717675363e-09
1.249621563215223117e-09
1.248943243497223046e-09
1.248265205942286428e-09
1.247587745746786324e-09
1.246910863501719087e-09
1.246234560579879865e-09
1.245558838354061738e-09
1.244883698197057168e-09
1.244209141481655718e-09
1.243535169580647367e-09
1.242861783866820233e-09
1.242188985712960779e-09
1.241516776491854227e-09
1.240845157576284972e-09
1.240174130339035755e-09
1.239503696152887869e-09
1.238833855931643246e-09
1.238164608753189685e-09
1.237495953236437689e-09
1.236828182685936013e-09
1.236160706190361019e-09
1.235493817213366964e-09
1.234827514373868901e-09
1.234161796290783954e-09
1.233496661583029864e-09
1.232832108869525822e-09
1.232168136769192879e-09
1.231504743900953120e-09
1.230841928883729045e-09
1.230179690372203617e-09
1.229518027164088634e-09
1.228856938092854913e-09
1.228196421991974924e-09
1.227536477694921551e-09
1.226877396350915273e-09
1.226218592005041195e-09
1.225560355963555279e-09
1.224902687059933718e-09
1.224245584127656427e-09
1.223589046000201460e-09
1.222933071511050179e-09
1.222277659493683740e-09
1.221622809177190905e-09
1.220968521373083211e-09
1.220314797288476493e-09
1.219661638130485138e-09
1.219009045106223740e-09
1.218357309709385115e-09
1.217705852418771699e-09
1.217054964883358167e-09
1.216404648310253116e-09
1.215754903906565351e-09
1.215105732879401814e-09
1.214457136435868206e-09
1.213809115783069817e-09
1.213161671266285689e-09
1.212514799783495673e-09
1.211868497370858961e-09
1.211222760064538257e-09
1.210577872334504067e-09
1.209933253195799868e-09
1.209289187272055098e-09
1.208645670599446316e-09
1.208002699214154014e-09
1.207360269152362817e-09
1.206718376450261486e-09
1.206077017144041473e-09
1.205436187269899189e-09
1.204795883870731361e-09
1.204156108016227483e-09
1.203517148534961514e-09
1.202878433846825693e-09
1.202240252932630158e-09
1.201602607868754378e-09
1.200965500731576786e-09
1.200328933597473128e-09
1.199692908542816462e-09
1.199057427643979223e-09
1.198422492977331161e-09
1.197788106619239956e-09
1.197154270646071633e-09
1.196521271633131005e-09
1.195888538398669120e-09
1.195256354733425396e-09
1.194624719191299938e-09
1.193993630326196574e-09
1.193363086692019340e-09
1.192733086842673303e-09
1.192103629332066635e-09
1.191474712714106473e-09
1.190846335542703468e-09
1.190218779956748375e-09
1.189591477190798274e-09
1.188964709533270256e-09
1.188338475716201908e-09
1.187712775184124285e-09
1.187087607559691860e-09
1.186462972465559520e-09
1.185838869524382566e-09
1.185215298358816298e-09
1.184592540836510883e-09
1.183970031941880444e-09
1.183348053690955841e-09
1.182726605706394234e-09
1.182105687610852579e-09
1.181485299026988657e-09
1.180865439577460252e-09
1.180246108737808385e-09
1.179627305395104141e-09
1.179009309204552386e-09
1.178391556928488778e-09
1.177774328369366257e-09
1.177157622267143078e-09
1.176541437361778529e-09
1.175925772393233760e-09
1.175310626101469920e-09
1.174695997226450847e-09
1.174082164249896253e-09
1.173468566282128295e-09
1.172855481951123589e-09
1.172242910105656415e-09
1.171630850029728952e-09
1.171019301116151340e-09
1.170408262757733719e-09
1.169797734347287469e-09
1.169187715277623556e-09
1.168578483372510651e-09
1.167969481017811426e-09
1.167360986182453582e-09
1.166752998259250775e-09
1.166145516641017279e-09
1.165538540720568405e-09
1.164932069890718839e-09
1.164326381108703525e-09
1.163720919517643639e-09
1.163115962950043294e-09
1.162511511675863429e-09
1.161907565965065191e-09
1.161304126087609519e-09
1.160701192313456938e-09
1.160098764912567769e-09
1.159497120422946515e-09
1.158895706435234045e-09
1.158294799630784437e-09
1.157694400279558424e-09
1.157094508651514462e-09
1.156495124714767016e-09
1.155896247230053529e-09
1.155298149924237867e-09
1.154700280577891496e-09
1.154102913060387230e-09
1.153506045830623278e-09
1.152909677347499703e-09
1.152313806069918229e-09
1.151718430456781403e-09
1.151123548966994461e-09
1.150529434191666514e-09
1.149935536183857093e-09
1.149342127676235689e-09
1.148749207356140082e-09
1.148156774824617340e-09
1.147564829911143767e-09
1.146973645730499561e-09
1.146382675400806799e-09
1.145792192177705232e-09
1.145202195890671576e-09
1.144612686369181722e-09
1.144023663442711558e-09
1.143435126940738422e-09
1.142847348995275224e-09
1.142259784690792770e-09
1.141672706299352679e-09
1.141086113520589127e-09
1.140500005534763645e-09
1.139914381392295431e-09
1.139329240143604096e-09
1.138744852164547651e-09
1.138160673715549328e-09
1.137576975311708106e-09
1.136993756003447732e-09
1.136411014841192366e-09
1.135828750875368237e-09
1.135247233648791341e-09
1.134665921088663978e-09
1.134085082876361309e-09
1.133504718356211177e-09
1.132924828048137541e-09
1.132345412765962668e-09
1.131766473323507996e-09
1.131188280060255030e-09
1.130610294601051678e-09
1.130032787423142239e-09
1.129455759340346084e-09
1.128879211166480515e-09
1.128303143715363043e-09
1.127727826502275304e-09
1.127152722801136612e-09
1.126578102264307526e-09
1.126003965156725313e-09
1.125430309547819491e-09
1.124857132958145539e-09
1.124284700789659305e-09
1.123712474663844556e-09
1.123140720119053224e-09
1.122569434675849681e-09
1.121998615854800159e-09
1.121428261176473578e-09
1.120858635226834445e-09
1.120289201260053966e-09
1.119720223997825613e-09
1.119151700960726577e-09
1.118583630279310476e-09
1.118016012524027945e-09
1.117449115128630918e-09
1.116882406631917163e-09
1.116316154602711213e-09
1.115750360221432889e-09
1.115185024668500978e-09
1.114620149124333647e-09
1.114056000214518894e-09
1.113492048094819705e-09
1.112928559525241133e-09
1.112365535686197417e-09
1.111802977758100519e-09
1.111241151169487322e-09
1.110679524784511580e-09
1.110118361532541326e-09
1.109557659434346560e-09
1.108997416510699970e-09
1.108437630782376105e-09
1.107878564243996647e-09
1.107319686835547901e-09
1.106761260684863196e-09
1.106203283812724731e-09
1.105645754239915123e-09
1.105088933296632323e-09
1.104532292252270301e-09
1.103976092863391674e-09
1.103420334619225649e-09
1.102865017302689012e-09
1.102310140696699379e-09
1.101755967099754190e-09
1.101201971131673830e-09
1.100648415222998784e-09
1.100095299156647910e-09
1.099542622715538823e-09
1.098990647539526398e-09
1.098438849566243060e-09
1.097887490567062922e-09
1.097336570324905253e-09
1.096786088845826256e-09
1.096236308229336388e-09
1.095686707064468348e-09
1.095137547804863917e-09
1.094588831572260862e-09
1.094040559488394675e-09
1.093492993222504584e-09
1.092945612670953502e-09
1.092398679633447717e-09
1.091852195231719206e-09
1.091306160587498914e-09
1.090760576822516748e-09
1.090215704825433024e-09
1.089671025365078994e-09
1.089126796013370111e-09
1.088583013756152246e-09
1.088039675579273340e-09
1.087497037587983174e-09
1.086954578400147689e-09
1.086412554250316783e-09
1.085870962124349771e-09
1.085329799008107826e-09
1.084789320361929780e-09
1.084249006094056238e-09
1.083709111793610608e-09
1.083169634446466472e-09
1.082630571848265253e-09
1.082092182865784319e-09
1.081553953551178260e-09
1.081016143709271247e-09
1.080478755184534391e-09
1.079942047141372088e-09
1.079405506656601057e-09
1.078869393022504920e-09
1.078333708083547964e-09
1.077798453684193650e-09
1.077263888350952190e-09
1.076729500436915465e-09
1.076195548595962957e-09
1.075662033968221694e-09
1.075128954876499439e-09
1.074596564986022190e-09
1.074064349695032210e-09
1.073532562795612951e-09
1.073001201906251253e-09
1.072470264645436435e-09
1.071940004045662954e-09
1.071409906771172172e-09
1.070880225980808729e-09
1.070350959293070837e-09
1.069822359236066342e-09
1.069293913483228175e-09
1.068765875272643641e-09
1.068238245142938840e-09
1.067711024216763092e-09
1.067184467898077699e-09
1.066658068621539079e-09
1.066132081916569910e-09
1.065606508905816206e-09
1.065081604492360935e-09
1.064556862112998717e-09
1.064032536795881609e-09
1.063508629663651074e-09
1.062985141838947539e-09
1.062462327600986290e-09
1.061939681295020915e-09
1.061417455626035285e-09
1.060895649678105131e-09
1.060374515194592255e-09
1.059853545816928937e-09
1.059332993412651679e-09
1.058812857065838899e-09
1.058293135860570460e-09
1.057774080920838278e-09
1.057255187127321678e-09
1.056736705727691172e-09
1.056218635806030140e-09
1.055701227992606448e-09
1.055183977917096163e-09
1.054667135138792630e-09
1.054150697308671242e-09
1.053634662077707803e-09
1.053119278028094350e-09
1.052604040825678525e-09
1.052089199175459321e-09
1.051574750728420607e-09
1.051060943576493571e-09
1.050547274366446669e-09
1.050033991312641263e-09
1.049521092066071150e-09
1.049008824229885665e-09
1.048496686308229841e-09
1.047984930423442414e-09
1.047473559503070875e-09
1.046962825939482729e-09
1.046452233608971277e-09
1.045942035025594081e-09
1.045432233116888084e-09
1.044922830810387128e-09
1.044414079891380735e-09
1.043905485450754512e-09
1.043397299395015509e-09
1.042889524651687642e-09
1.042382412522131855e-09
1.041875468077673210e-09
1.041368937801609248e-09
1.040862818694787587e-09
1.040357355649555589e-09
1.039852049763430599e-09
1.039347146049203885e-09
1.038842641507734855e-09
1.038338780550581857e-09
1.037835065237250748e-09
1.037331740099362663e-09
1.036828802137787140e-09
1.036326495284791954e-09
1.035824322558864053e-09
1.035322528625341625e-09
1.034821113551989994e-09
1.034320324473502747e-09
1.033819669044686455e-09
1.033319394519559023e-09
1.032819501579262120e-09
1.032320236882089136e-09
1.031821109036002310e-09
1.031322364818256426e-09
1.030824004909991291e-09
1.030326275494559862e-09
1.029828686130163620e-09
1.029331483118752541e-09
1.028834666990410226e-09
1.028338482699758121e-09
1.027842439845988019e-09
1.027346783350897599e-09
1.026851512989309894e-09
1.026356873092798816e-09
1.025862374204915799e-09
1.025368260775096617e-09
1.024874532578164303e-09
1.024381433475167416e-09
1.023888474951077847e-09
1.023395900984438543e-09
1.022903711350073570e-09
1.022412149215126213e-09
1.021920725878831576e-09
1.021429683501236825e-09
1.020939020508099176e-09
1.020448978474736783e-09
1.019959069411114255e-09
1.019469535009317872e-09
1.018980373695110638e-09
1.018491826577645836e-09
1.018003406599589430e-09
1.017515354986506932e-09
1.017027912498853640e-09
1.016540592776965701e-09
1.016053637202207890e-09
1.015567046724152943e-09
1.015081064668102322e-09
1.014595208630735418e-09
1.014109722053150085e-09
1.013624606389674183e-09
1.013140104503289861e-09
1.012655734915654069e-09
1.012171740605192144e-09
1.011688123026226983e-09
1.011205124580845211e-09
1.010722264712838521e-09
1.010239785939379176e-09
1.009757929609993562e-09
1.009276212318999322e-09
1.008794871991557441e-09
1.008313905834969479e-09
1.007833551201221261e-09
1.007353324893889132e-09
1.006873464379420449e-09
1.006393966865127526e-09
1.005915069246044038e-09
1.005436289240023894e-09
1.004957863856215298e-09
1.004480029647835876e-09
1.004002305016646676e-09
1.003524927343124311e-09
1.003047897401588624e-09
1.002571455571050289e-09
1.002095125443194666e-09
1.001619147510555526e-09
1.001143523260846150e-09
1.000668492619806642e-09
1.000193580085985073e-09
9.997190256983081857e-10
9.992450690434545413e-10
9.987712352983413782e-10
9.982977641625778853e-10
9.978246571238680398e-10
9.973521529346338821e-10
9.968797757569859678e-10
9.964077625390404283e-10
9.959363497790834785e-10
9.954650619305946683e-10
9.949941356041890653e-10
9.945235699872998568e-10
9.940536011297661809e-10
9.935837543823135000e-10
9.931142659067665246e-10
9.926453714175261109e-10
9.921765969364550540e-10
9.917081782896839767e-10
9.912401147568252129e-10
9.907726420670886331e-10
9.903052876878496284e-10
9.898382875518816347e-10
9.893718771469086555e-10
9.889055846078819884e-10
9.884396455336616948e-10
9.879740596647320584e-10
9.875090620451147137e-10
9.870441816975038062e-10
9.865796537767209864e-10
9.861157129948938688e-10
9.856518890387587900e-10
9.851884166163475797e-10
9.847252948949242805e-10
9.842627574573993722e-10
9.838003341856884542e-10
9.833382587729163782e-10
9.828767644718519867e-10
9.824153818249478917e-10
9.819543441949399807e-10
9.814936506344541621e-10
9.810335339572248962e-10
9.805735255841118761e-10
9.801138584384878028e-10
9.796547650056660344e-10
9.791957774830144127e-10
9.787371290623220250e-10
9.782790526177085505e-10
9.778210815992541355e-10
9.773634489902296974e-10
9.769061545597643708e-10
9.764494307461816582e-10
9.759928118714793480e-10
9.755365304828087532e-10
9.750808186924901230e-10
9.746252114747690823e-10
9.741699410505540151e-10
9.737152392068838395e-10
9.732606417567756612e-10
9.728063815354520248e-10
9.723524594398486499e-10
9.718991079522232897e-10
9.714458646909172182e-10
9.709929622462121863e-10
9.705406327767753729e-10
9.700884145483674283e-10
9.696365398274348906e-10
9.691852404497882806e-10
9.687340553271412405e-10
9.682832164028381843e-10
9.678329551905720606e-10
9.673828106744904432e-10
9.669330116153679906e-10
9.664835554778861993e-10
9.660346699151597474e-10
9.655858919081307917e-10
9.651374492168794239e-10
9.646895691741247328e-10
9.642417894018591680e-10
9.637943373395267289e-10
9.633474400001579485e-10
9.629006356453744719e-10
9.624541513946986843e-10
9.620082139421622241e-10
9.615623628792857459e-10
9.611168284646434182e-10
9.606716123128771144e-10
9.602269448436736592e-10
9.597823699556968053e-10
9.593381181745877694e-10
9.588944196026212211e-10
9.584508187735052536e-10
9.580075458952375247e-10
9.575648307533797228e-10
9.571222185152886215e-10
9.566799390720145986e-10
9.562382218931164964e-10
9.557966123732195821e-10
9.553553380623141336e-10
9.549146256848925084e-10
9.544740192415624728e-10
9.540337455618323396e-10
9.535940310556292600e-10
9.531544203529341905e-10
9.527151399684524231e-10
9.522764159982568644e-10
9.518377937002795309e-10
9.513994992751348964e-10
9.509615319076722428e-10
9.505241172765856829e-10
9.500868013327091357e-10
9.496498091480946537e-10
9.492133652361717181e-10
9.487770154615791327e-10
9.483409844417463495e-10
9.479054963785707079e-10
9.474700977599939370e-10
9.470350128916858724e-10
9.466004656646889655e-10
9.461660031888910881e-10
9.457318494588830217e-10
9.452982280555173834e-10
9.448646867092941518e-10
9.444314496848942950e-10
9.439987431561353572e-10
9.435661189558159606e-10
9.431338039413584552e-10
9.427020245581973402e-10
9.422703332571071201e-10
9.418389565864055712e-10
9.414081206833128723e-10
9.409773786152433066e-10
9.405469566220761642e-10
9.401170805334986932e-10
9.396873040322067254e-10
9.392578530503168706e-10
9.388289523585843656e-10
9.384001524931263286e-10
9.379716745664245291e-10
9.375437392826236473e-10
9.371158970382592429e-10
9.366883686394508223e-10
9.362613744848892536e-10
9.358344655822619458e-10
9.354078624320093932e-10
9.349817851280303966e-10
9.345557852878349345e-10
9.341300831068536786e-10
9.337048983748344272e-10
9.332797841600877138e-10
9.328549645650240042e-10
9.324306641294815546e-10
9.320064407403723838e-10
9.315825190386348305e-10
9.311591232612182192e-10
9.307358119010111621e-10
9.303128092958479993e-10
9.298903393804446641e-10
9.294679612523594171e-10
9.290458989469727636e-10
9.286243760974408812e-10
9.282029524046509221e-10
9.277818507689829203e-10
9.273612903566439344e-10
9.269408264711986847e-10
9.265206775458561950e-10
9.261010616134272659e-10
9.256815345780831548e-10
9.252623145726268397e-10
9.248436193303504336e-10
9.244250053547000735e-10
9.240069106561352588e-10
9.235888921368942749e-10
9.231711674305810465e-10
9.227539537727192415e-10
9.223368092300989546e-10
9.219199539747804200e-10
9.215036083489966374e-10
9.210873338525304936e-10
9.206713509268232052e-10
9.202558796168937130e-10
9.198404820171550606e-10
9.194253782716267834e-10
9.190107881287423168e-10
9.185962742762900286e-10
9.181820565614937415e-10
9.177683544368352131e-10
9.173547311822128589e-10
9.169414063287727956e-10
9.165285989341099585e-10
9.161158727494731273e-10
9.157036651104360995e-10
9.152915401614259353e-10
9.148797168418264295e-10
9.144684136985587108e-10
9.140571954647427009e-10
9.136462807853058521e-10
9.132358879135772514e-10
9.128255821700727659e-10
9.124155819059113948e-10
9.120061050814830354e-10
9.115967170460377413e-10
9.111876330707506770e-10
9.107790674795861800e-10
9.103705834197928811e-10
9.099626121446747806e-10
9.095547171906227687e-10
9.091471127843258804e-10
9.087400127640347186e-10
9.083329812488056799e-10
9.079262321739009027e-10
9.075199790869633120e-10
9.071137866884863445e-10
9.067078686229216981e-10
9.063024388748521550e-10
9.058970663597763592e-10
9.054919687936494419e-10
9.050873635063813421e-10
9.046828207194861139e-10
9.042787733373411465e-10
9.038747919668413564e-10
9.034710938415457543e-10
9.030678958102981623e-10
9.026647690570609552e-10
9.022619305267522947e-10
9.018595967803920981e-10
9.014573395777846270e-10
9.010553751583746500e-10
9.006539177087633413e-10
9.002525370586919578e-10
8.998516614964731272e-10
8.994508612342208232e-10
8.990503499455022603e-10
8.986503409222042867e-10
8.982504049489644244e-10
8.978507554129880249e-10
8.974516053206222908e-10
8.970525260277945526e-10
8.966539442977355472e-10
8.962554318665541203e-10
8.958572018102686228e-10
8.954594674842505672e-10
8.950618021821515322e-10
8.946644195188313463e-10
8.942675327304538356e-10
8.938707156787154611e-10
8.934741816943526426e-10
8.930781437302125049e-10
8.926821762148251925e-10
8.922867048168731013e-10
8.918913043421012077e-10
8.914961876490522566e-10
8.911015672197293473e-10
8.907070182020804210e-10
8.903127520591098468e-10
8.899189796554872049e-10
8.895252755897238092e-10
8.891320626903248967e-10
8.887389159308619114e-10
8.883460460822439245e-10
8.879536635409847241e-10
8.875613438422522464e-10
8.871692974760625010e-10
8.867777345588224490e-10
8.863862311861179939e-10
8.859952086904397118e-10
8.856042437040856140e-10
8.852135470689676809e-10
8.848233294184261626e-10
8.844331687619832540e-10
8.840434864838182900e-10
8.836538609651369409e-10
8.832645027463592600e-10
8.828756219968587544e-10
8.824867976544108104e-10
8.820982399810558077e-10
8.817101588685509642e-10
8.813221338100966675e-10
8.809345847072133532e-10
8.805470917000483615e-10
8.801598659744355191e-10
8.797731186244922106e-10
8.793864317303725260e-10
8.790000164783493182e-10
8.786140836864493138e-10
8.782282159871907256e-10
8.778428334713673890e-10
8.774575191390886194e-10
8.770724837164785858e-10
8.766879375627264120e-10
8.763034642283389143e-10
8.759194828867764517e-10
8.755355766350329028e-10
8.751519516418492119e-10
8.747688128906021334e-10
8.743857399277977446e-10
8.740031460942622714e-10
8.736206113014382644e-10
8.732383404414808966e-10
8.728565380422541719e-10
8.724747845616477343e-10
8.720932846185115261e-10
8.717122424681427859e-10
8.713312391137704493e-10
8.709506864405184181e-10
8.705701669706845361e-10
8.701898906493571469e-10
8.698100682153460614e-10
8.694302885150387621e-10
8.690509694642337644e-10
8.686717002711078088e-10
8.682926915840102341e-10
8.679141536901048599e-10
8.675356763393358490e-10
8.671576765445443290e-10
8.667797444162218121e-10
8.664020901513836999e-10
8.660249235871397300e-10
8.656478342790089844e-10
8.652712328659913469e-10
8.648947037887479199e-10
8.645184502256764304e-10
8.641426749966098010e-10
8.637669630800652330e-10
8.633917231238088751e-10
8.630165404642809444e-10
8.626416178318452676e-10
8.622671575995769998e-10
8.618927456398589813e-10
8.615187897072296851e-10
8.611448760307574013e-10
8.607712075444901869e-10
8.603979894269218133e-10
8.600248123420571799e-10
8.596520870550120555e-10
8.592794045852940243e-10
8.589069706726517249e-10
8.585349907019191326e-10
8.581630562249731379e-10
8.577915771196442996e-10
8.574201452921288082e-10
8.570489660386777638e-10
8.566782443018212251e-10
8.563075725183344632e-10
8.559373595820286034e-10
8.555671977842065919e-10
8.551972913808113851e-10
8.548278442752748567e-10
8.544584491879472661e-10
8.540895136327762284e-10
8.537206306820123165e-10
8.533520041511121965e-10
8.529838375042412325e-10
8.526157243405862779e-10
8.522480712958669520e-10
8.518804723199504339e-10
8.515131307893306621e-10
8.511462494594888027e-10
8.507794214506574876e-10
8.504130508977088266e-10
8.500467309993861619e-10
8.496808655413491097e-10
8.493150480713152781e-10
8.489494797281273525e-10
8.485843613022548031e-10
8.482192868639795588e-10
8.478546593280251470e-10
8.474900731124602409e-10
8.471257289208128719e-10
8.467618271094071795e-10
8.463979631085103150e-10
8.460345414217732189e-10
8.456711602830341509e-10
8.453080229102858027e-10
8.449453321754648933e-10
8.445826868314891951e-10
8.442204910082592556e-10
8.438583438041619348e-10
8.434966490038624742e-10
8.431350060507424336e-10
8.427736175578046340e-10
8.424126857936567994e-10
8.420518107182689474e-10
8.416913946142331813e-10
8.413310345798693713e-10
8.409709289513193919e-10
8.406112757215514564e-10
8.402516718625644088e-10
8.398925155935831711e-10
8.395334042291821973e-10
8.391747356462504750e-10
8.388161075014697805e-10
8.384577175310679050e-10
8.380997631297419658e-10
8.377418424664760574e-10
8.373843525643311382e-10
8.370268925108691693e-10
8.366696625035773108e-10
8.363128629771260103e-10
8.359560964177341673e-10
8.355997624630412767e-10
8.352434639391347957e-10
8.348876001440052778e-10
8.345317742431641286e-10
8.341761864165393253e-10
8.338210365051984132e-10
8.334659281829410159e-10
8.331112599006056251e-10
8.327566356702810243e-10
8.324024533022738487e-10
8.320483156341471357e-10
8.316944204385941068e-10
8.313409651510577620e-10
8.309875528125088842e-10
8.306345788777706668e-10
8.302816467244909811e-10
8.299291514710476463e-10
8.295766968313059161e-10
8.292244799883774483e-10
8.288726977897242741e-10
8.285209544526873278e-10
8.281696442565211894e-10
8.278183718041306696e-10
8.274675312922968222e-10
8.271167279109492062e-10
8.267661585592716986e-10
8.264160198023699863e-10
8.260659173312916373e-10
8.257162445580992725e-10
8.253666075073635086e-10
8.250173992578470497e-10
8.246682261671990552e-10
8.243192845505523680e-10
8.239707703905127081e-10
8.236222905435197644e-10
8.232742374055220132e-10
8.229262189074421507e-10
8.225786278559783177e-10
8.222310726620906253e-10
8.218837499505754572e-10
8.215368560152439388e-10
8.211899997635318459e-10
8.208435731746760858e-10
8.204971854865414137e-10
8.201512283481574417e-10
8.198053113273718477e-10
8.194596304703380883e-10
8.191143814937872162e-10
8.187691742548224567e-10
8.184243985545352865e-10
8.180796635545054866e-10
8.177353585223150623e-10
8.173910929479533162e-10
8.170472557708179318e-10
8.167034568088605388e-10
8.163598901390449123e-10
8.160167495109276417e-10
8.156736452335723757e-10
8.153309654278600750e-10
8.149883207297103612e-10
8.146460989333688724e-10
8.143039109559409073e-10
8.139619500758499297e-10
8.136204092004128868e-10
8.132788995093879794e-10
8.129378077109421105e-10
8.125967453101712671e-10
8.122560986901201499e-10
8.119154796807960173e-10
8.115752743405457113e-10
8.112350948238658994e-10
8.108951336319409795e-10
8.105555829419916136e-10
8.102160553944639506e-10
8.098769365964212498e-10
8.095378413049035474e-10
8.091991565968778769e-10
8.088604979110481011e-10
8.085222520015518922e-10
8.081840346297112327e-10
8.078460397207251062e-10
8.075084608776975679e-10
8.071709143450888049e-10
8.068337860718023228e-10
8.064966926238578443e-10
8.061600196288124420e-10
8.058233839738131720e-10
8.054871706760649348e-10
8.051509954962053243e-10
8.048150498992809294e-10
8.044795250301937992e-10
8.041440368403591555e-10
8.038089680994184370e-10
8.034739350783876371e-10
8.031393202275247646e-10
8.028047401370132456e-10
8.024705769381618249e-10
8.021364475398886425e-10
8.018027337549827964e-10
8.014690528106693844e-10
8.011355950797753748e-10
8.008025497616984179e-10
8.004695332768345370e-10
8.001369253600543930e-10
7.998043427490026929e-10
7.994721648615126551e-10
7.991400087520631495e-10
7.988082535218611642e-10
7.984765165418135863e-10
7.981449864013729702e-10
7.978138513740653313e-10
7.974827293046935688e-10
7.971519985046443946e-10
7.968212778896555237e-10
7.964909492333250641e-10
7.961606355439067231e-10
7.958307190356241758e-10
7.955008230313971487e-10
7.951713294309756172e-10
7.948418618715479700e-10
7.945128019387932166e-10
7.941837735837600906e-10
7.938549689049226937e-10
7.935265796874138381e-10
7.931982303522852475e-10
7.928703017018687569e-10
7.925424175172041164e-10
7.922149535240091534e-10
7.918875290516466309e-10
7.915605185608931368e-10
7.912335416930334882e-10
7.909069725971429726e-10
7.905804312260018429e-10
7.902541031016643568e-10
7.899281734352114939e-10
7.896022626458930918e-10
7.892767441053457112e-10
7.889512385432991579e-10
7.886261190211100987e-10
7.883010073935537954e-10
7.879762804868413635e-10
7.876515645402166267e-10
7.873272368853145986e-10
7.870029240707138395e-10
7.866790031189014655e-10
7.863551008874073756e-10
7.860314067801654463e-10
7.857081098926457355e-10
7.853848375450683385e-10
7.850619659887628405e-10
7.847391228519098164e-10
7.844166840780788601e-10
7.840942770911029170e-10
7.837722749677142874e-10
7.834503028793930796e-10
7.831287330840436440e-10
7.828071910598715877e-10
7.824860487582637985e-10
7.821649319637411006e-10
7.818442123215807190e-10
7.815235159222133764e-10
7.812030279456543542e-10
7.808829332665092722e-10
7.805628584333263955e-10
7.802431743278591577e-10
7.799235080329390193e-10
7.796042312724261907e-10
7.792849725805071051e-10
7.789661036060746971e-10
7.786472531874535814e-10
7.783287926695923818e-10
7.780103511945655327e-10
7.776922998037662256e-10
7.773742679426285959e-10
7.770566263493812452e-10
7.767390047724274772e-10
7.764217736472213197e-10
7.761045630247450220e-10
7.757875580432244937e-10
7.754709430372280843e-10
7.751543477585212761e-10
7.748381411349817261e-10
7.745219532199776859e-10
7.742061526399796714e-10
7.738903697495700319e-10
7.735749728742000901e-10
7.732595926692798963e-10
7.729445971596259085e-10
7.726296173010924800e-10
7.723150208182438787e-10
7.720004389669977404e-10
